res1letter	pdb_id	resname	Structurally_corrected_score	intrinsic_score	chain	overall_id	ok	exposure_weight	solvent_exposure	SASA	contacts
N	20	ASN	-0.57775679529062	-1.1033886679560556	B	0	True	1.0	0.8322017806203572	190.9220681063611	102;103;104;
T	21	THR	-0.3032958545523489	-1.7211198257213995	B	1	True	0.26884171756777114	0.1978629446622741	32.22407788546476	87;88;89;102;103;104;105;148;
T	22	THR	-0.25882156985634014	-1.3945141159990369	B	2	True	0.33122284667759555	0.23217256567267755	37.81176334899167	14;16;87;88;102;103;104;105;106;
V	23	VAL	-0.2389975148833697	-1.0682993874529172	B	3	True	0.3271950560233184	0.2299572808128251	41.03799236803212	14;86;87;103;104;105;106;107;148;
F	24	PHE	-0.4038605938612462	-1.8270164005796363	B	4	True	0.227937134786995	0.17536542413284723	40.29530932836391	12;13;14;15;85;104;105;106;107;108;
Q	25	GLN	-1.4649532714696456	-1.7474893913527292	B	5	True	0.8907398563959356	0.5399069210177645	112.5099614849736	12;13;14;85;105;106;107;108;109;171;
G	26	GLY	-0.11387741015533524	-1.4742414689256185	B	6	True	0.08549036828617702	0.09701970255739736	9.71284616439642	10;11;12;13;77;79;80;81;85;106;107;108;109;110;111;
V	27	VAL	-0.17367402372043	-0.8918050630252712	B	7	True	0.36860233143123494	0.25273128228717917	45.10222245194417	11;12;79;80;81;82;107;108;109;110;111;112;
A	28	ALA	0.03464811225974656	-0.20773374291688027	B	8	True	0.15267455320238316	0.13397100426131073	17.35776560771076	12;78;79;80;81;82;83;84;107;108;109;110;111;112;
G	29	GLY	0.014259590534255396	-0.5689077620476567	B	9	True	0.8099329102983203	0.49546310066407606	49.60185147999205	78;79;80;81;82;108;109;110;111;
Q	30	GLN	-0.41496988706491306	-1.0084719151429635	B	10	True	0.8537274181736892	0.519550079995529	108.26784620508431	6;77;78;79;80;81;108;109;111;
S	31	SER	-0.19578079801090148	-1.0084719151429635	B	11	True	0.6935840188141305	0.4314712103477717	58.476689078739014	6;7;61;62;76;77;78;79;80;81;
L	32	LEU	-0.022895449110476102	-0.8565416019210224	B	12	True	0.0459848905219503	0.07529168978707267	15.653345594294834	4;5;6;7;8;62;75;76;77;78;79;80;106;108;
Q	33	GLN	-0.746629945839147	-1.441415881110565	B	13	True	0.8271875198111683	0.5049531358961425	105.22602259718458	4;5;6;62;63;64;74;75;76;77;78;
V	34	VAL	-0.0	-1.244697561692921	B	14	True	0.0	0.000796213497536279	0.14209162379952633	2;3;4;5;64;73;74;75;76;77;90;104;105;106;
S	35	SER	-0.66281801721519	-1.7600819054945274	B	15	True	0.5191390069694887	0.3355264538332187	45.47343055098077	4;64;65;66;72;73;74;75;76;90;102;104;
C	36	CYS	-0.0	-0.92939485845183	B	16	True	0.0	0.0	0.0	2;66;71;72;73;74;75;89;90;91;101;102;103;104;
P	37	PRO	0.28119824073816435	-0.5126715322878519	B	17	True	0.7857044810234304	0.48213746456288664	79.70653171781831	66;67;68;70;71;72;73;74;90;101;102;
Y	38	TYR	0.017830550560818174	-0.22121383837188374	B	18	True	0.09508281486498446	0.10229554817574145	25.174228566767557	22;23;67;68;70;71;72;73;90;92;101;102;
D	39	ASP	0.11856627805202169	0.08205360849429501	B	19	True	0.8287725459128368	0.5058249002520602	84.55318450123413	23;24;68;69;70;71;72;101;
S	40	SER	0.11098158098027805	0.46747114048086147	B	20	True	0.21032161594146206	0.16567688876780412	22.45395678705622	24;25;26;67;68;69;70;71;72;
M	41	MET	-0.09477312496321588	-0.295953681365939	B	21	True	1.0	0.6941229869969264	149.8889178121163	25;68;69;70;71;
K	42	LYS	0.2122586795778959	0.3435846550689036	B	22	True	0.9937954792411826	0.5965875135826504	146.64311991865893	18;26;71;
H	43	HIS	-0.0002675021063031922	0.5130458332670556	B	23	True	0.009651048915778325	0.05530807690367808	11.73366382319221	18;19;27;28;68;71;92;93;94;99;101;
W	44	TRP	0.26130825944698893	1.0356142629731118	B	24	True	1.0	0.6393700824792915	172.42903218949368	19;20;50;68;69;71;92;
G	45	GLY	0.3612542003770049	1.7929594298531397	B	25	True	0.5623711798831315	0.35930414893572227	35.97069288866792	20;21;49;50;51;53;68;92;93;94;
R	46	ARG	0.04125741146372644	1.2935455326555079	B	26	True	0.2724261104380189	0.1998343607409104	54.55733836208603	20;22;46;49;50;53;68;91;92;93;94;95;98;
R	47	ARG	-0.1334987381232614	0.7666131443374802	B	27	True	0.2723174303033453	0.1997745866668399	54.54101927475663	23;45;46;47;48;49;50;51;52;53;66;68;91;92;93;94;95;98;
K	48	LYS	0.0	0.8713431471072465	B	28	True	0.0	0.0020432635532710024	0.5022407198373828	23;44;45;46;47;48;50;53;64;65;66;68;73;90;91;92;93;94;98;99;100;101;
A	49	ALA	0.0	1.250807811133134	B	29	True	0.0	0.0	0.0	42;43;44;45;46;47;64;65;66;73;75;89;90;91;92;93;98;99;100;101;
W	50	TRP	0.0	0.716366993595686	B	30	True	0.0	0.0036708195430390058	0.9899679051201086	40;41;42;43;44;45;46;62;63;64;73;74;75;88;89;90;91;92;100;104;
C	51	CYS	-0.0	-0.2088491225380094	B	31	True	0.0	0.010619569854079487	1.6480818424071724	39;40;41;42;43;44;45;87;88;89;90;91;103;
R	52	ARG	-0.060833499714477046	-0.5998780126095392	B	32	True	0.12097277611614006	0.11653502686387703	31.815553982182287	38;39;40;41;42;43;44;84;85;86;87;88;89;90;103;104;105;
Q	53	GLN	0.027660141272375805	-0.0913790102034315	B	33	True	0.02781981496034589	0.06530089822819024	13.60790398970664	37;38;39;40;41;42;86;87;88;89;103;104;105;218;219;223;
L	54	LEU	0.17033058413275098	0.9081293164304006	B	34	True	0.1609663888053997	0.13853151384296983	28.801075763040807	38;39;40;41;86;87;88;217;218;219;221;222;223;224;270;287;288;291;
G	55	GLY	0.0	1.4830952175561878	B	35	True	0.0	0.0	0.0	39;40;86;87;216;217;218;219;222;223;224;226;287;288;291;292;293;294;
E	56	GLU	1.0089488984511494	1.1637032188543337	B	36	True	0.8349550797741253	0.5092252938757689	99.95053699181837	40;87;217;218;226;291;292;293;294;
K	57	LYS	0.6554678063660101	0.6620932069399149	B	37	True	0.887110111090297	0.5379105610996633	132.22013723209275	33;287;291;292;293;294;
G	58	GLY	0.1664364431019012	1.0373866648115457	B	38	True	0.15575391803591054	0.1356646549197508	13.581673499791584	32;33;34;287;288;291;292;293;
P	59	PRO	0.7604822405000714	1.4795218200906888	B	39	True	0.5044893682617716	0.32746915254397435	54.13690557633255	31;32;33;34;35;288;290;291;
C	60	CYS	0.18217588416114017	0.4715473085823888	B	40	True	0.3570021172011026	0.2463511644606064	38.23195163101845	30;31;32;33;34;35;36;87;88;89;
Q	61	GLN	-0.012348157360966838	-0.5351449454426437	B	41	True	0.9077872427533694	0.5492829835143531	114.46381758369395	30;31;32;33;34;88;89;
R	62	ARG	-0.014314135558788512	-0.5811466060980016	B	42	True	0.685472301607794	0.4270097658842867	116.57913181141359	29;30;31;32;33;88;89;91;
V	63	VAL	-0.07848398463801824	-0.9527383041204004	B	43	True	0.2634517510701128	0.194898463088562	34.78142380401431	29;30;31;32;58;59;60;62;63;64;88;
V	64	VAL	0.0036895896497965808	-0.5458939045709622	B	44	True	0.0214019489916122	0.06177107194538671	11.023616082516156	28;29;30;31;32;57;58;59;60;62;63;64;75;
S	65	SER	0.08060848224235087	-0.40094854297121985	B	45	True	0.19955541084294107	0.15975547596361758	21.651435999682743	27;28;29;30;31;53;56;57;58;59;63;64;65;66;75;90;91;92;93;
T	66	THR	-0.0	-1.2812053936406211	B	46	True	0.0	0.019879692814085675	3.2376186995176814	26;27;28;29;30;50;52;53;54;55;56;57;58;63;64;65;66;73;93;
H	67	HIS	-0.21013123689193414	-1.3231917923908116	B	47	True	0.14609305342564224	0.13035117938410323	27.654133057516884	27;28;29;51;52;53;54;55;56;57;58;64;65;66;
N	68	ASN	-1.1508469477787604	-1.1143148782009378	B	48	True	1.0	0.6790783886968461	120.38497951301078	27;28;52;53;57;
L	69	LEU	-1.154628757443124	-1.5320728411758056	B	49	True	0.8583352863618857	0.5220844074990371	108.54275794695005	25;26;27;53;55;
W	70	TRP	-0.3022080646204207	-1.2951659107918916	B	50	True	0.24928053971134725	0.187104296841241	50.45937197706755	24;25;26;27;28;46;54;55;66;68;
L	71	LEU	-1.7760860189075527	-1.8350712487874365	B	51	True	1.0	0.7066063502075988	146.90536804530535	25;27;47;55;68;
L	72	LEU	-0.9635867785418809	-2.3435438693080957	B	52	True	0.3868680808527838	0.26277744446903106	54.63214020421163	27;46;47;48;56;65;66;67;68;
S	73	SER	-0.0	-1.446690485381903	B	53	True	0.0	0.015977044251674257	2.1653464395674598	25;26;27;28;45;46;47;48;49;57;64;65;66;67;68;73;
F	74	PHE	-0.24627284787177559	-0.28844613682290576	B	54	True	0.9419088928737318	0.5680498910805525	130.52599272758738	46;47;50;64;65;66;67;68;69;73;74;
L	75	LEU	-0.28898502477244337	-0.4938547653954883	B	55	True	0.5264822163154635	0.3395652189735049	70.5965258506829	46;47;49;50;51;64;65;66;67;
R	76	ARG	-0.3310984089846147	0.05350823902541648	B	56	True	0.6603328652938087	0.41318307591159475	112.80426846723705	45;46;47;52;63;64;65;66;74;75;76;
R	77	ARG	-0.13590951968219464	0.09529883900367872	B	57	True	0.5238744215788271	0.33813093186835486	92.3140724759888	44;45;46;47;48;53;62;63;64;65;66;75;
W	78	TRP	0.44252837137491136	0.769461781048313	B	58	True	0.7758344385771594	0.4767089412174376	128.56163217937763	43;44;45;46;47;62;63;64;65;75;76;
N	79	ASN	0.5638616758113496	0.909069189948882	B	59	True	0.7087991184389514	0.4398395151414232	77.97342972572608	43;44;45;63;64;
G	80	GLY	0.3179111616747329	0.2524055275356468	B	60	True	1.0	0.6974828433359961	69.82647216033757	43;44;77;78;
S	81	SER	-0.17977420610260764	-0.7904248516952856	B	61	True	0.6348964217074895	0.39919303193911915	54.10207274846411	11;76;77;78;79;80;
T	82	THR	0.03090772648172281	-0.3629215668413644	B	62	True	0.08507991449023274	0.096793952969628	15.763921257005398	11;12;13;30;43;44;57;58;75;76;77;78;79;80;
A	83	ALA	0.0	-0.02980792444919561	B	63	True	0.0	0.0015151005652594245	0.19630188359704598	13;30;43;44;45;46;56;57;58;59;74;75;76;77;78;
I	84	ILE	0.0	0.3890146290721995	B	64	True	0.0	0.0025348922639469003	0.5164452614383161	13;14;15;28;29;30;43;44;45;46;47;53;54;55;56;57;58;59;73;74;75;76;77;
T	85	THR	-0.037416652016571454	0.1988009303137381	B	65	True	0.1992357278684631	0.1595796503276547	25.98923760015204	15;28;29;45;46;47;52;53;54;55;56;57;58;72;73;74;75;76;
D	86	ASP	-0.0	0.027858275786538652	B	66	True	0.0	0.026095843343799448	4.362155077506172	15;16;17;27;28;29;45;46;47;50;52;53;54;55;56;57;70;71;72;73;74;75;
D	87	ASP	-0.1137943141266753	0.2215791889867422	B	67	True	0.6599815603097255	0.412989858170349	69.03497170189736	17;18;20;52;53;54;55;71;72;73;74;
T	88	THR	0.025974954973112502	0.7939116807310294	B	68	True	0.2951469228352195	0.2123308075593707	34.58032271760365	17;18;19;20;21;23;24;25;26;27;28;50;51;52;53;54;72;73;
L	89	LEU	0.24411041112873164	0.7526680570406455	B	69	True	1.0	0.7890503642975877	164.0457011734521	19;20;21;24;54;
G	90	GLY	-0.03239314485375026	-0.1148038435637488	B	70	True	0.9110982477541852	0.5511040362648019	55.172182388945465	17;18;19;20;21;66;
G	91	GLY	-0.0	-1.1333252164153702	B	71	True	0.0	0.01824936619561163	1.826982373511691	16;17;18;19;20;21;22;23;24;66;67;
T	92	THR	-0.5133375809656497	-1.476749777567853	B	72	True	0.42991082389185964	0.28645095314052277	46.651574099037425	15;16;17;18;19;20;65;66;67;68;
L	93	LEU	-0.0	-1.6479875701199844	B	73	True	0.0	0.0	0.0	14;15;16;17;18;28;29;30;46;53;54;64;65;66;67;68;90;91;92;101;
T	94	THR	-0.535880397612963	-2.080040383946193	B	74	True	0.23371883754321757	0.17854536064876964	29.078004562475012	13;14;15;16;17;30;54;56;63;64;65;66;67;90;
I	95	ILE	-0.0	-1.6538824882948542	B	75	True	0.0	0.0	0.0	12;13;14;15;16;29;30;44;45;56;57;58;62;63;64;65;66;90;
T	96	THR	-0.01812440202898413	-1.2659436489020326	B	76	True	0.050156313505621004	0.07758597242809155	12.635698021222447	11;12;13;14;15;56;58;61;62;63;64;65;80;
L	97	LEU	-0.0	-1.2560352708382772	B	77	True	0.0	0.032340269136522694	6.723629272209736	6;10;11;12;13;14;60;61;62;63;64;81;84;106;
R	98	ARG	0.16921690632275585	-0.7345226750255013	B	78	True	0.8127052769697861	0.4969879023333823	135.68405878216325	8;9;10;11;12;13;60;61;62;63;
N	99	ASN	0.3622805917055484	-0.0732593668464928	B	79	True	0.7090232012562474	0.439962760690936	77.99527832700706	6;7;8;9;10;11;12;61;62;84;
L	100	LEU	0.0	0.3520013598917416	B	80	True	0.0	0.0007882228298606	0.16387365452965938	6;7;8;9;10;11;12;61;62;76;84;85;106;107;108;109;
Q	101	GLN	0.42001067660913993	1.0604437925728494	B	81	True	0.43415145915017417	0.28878330253259576	60.17888821317181	6;7;8;9;10;11;77;85;108;109;110;
P	102	PRO	0.13096287972091356	0.5682592060179651	B	82	True	0.25467005786538793	0.19006853182596334	31.421958619789613	7;8;9;86;106;107;108;109;110;169;174;219;220;221;332;
H	103	HIS	0.20252911346016733	0.5114084459994298	B	83	True	0.502203842254903	0.3262121132401966	69.20622603602095	8;107;108;219;220;221;222;223;330;331;332;
D	104	ASP	0.07629845263919624	0.5237939185791247	B	84	True	0.16583665986941332	0.1412101629281773	23.60454962491119	8;32;77;79;80;88;106;107;108;219;220;221;222;
A	105	ALA	-0.0	0.04839698536481708	B	85	True	0.0	0.01700447720234061	2.203161282453178	4;5;6;32;80;81;105;106;107;108;109;150;169;218;219;220;221;222;223;
G	106	GLY	-0.0	-0.1458442395368874	B	86	True	0.0	0.02632395675204772	2.635346590756676	3;32;33;34;35;82;104;105;106;107;108;148;149;150;217;218;219;220;221;222;223;
L	107	LEU	-0.0	-0.5993818707117781	B	87	True	0.0	0.009800456964091335	2.0375414640683918	1;2;3;31;32;33;34;35;36;40;103;104;105;106;107;217;218;219;
Y	108	TYR	-0.0	-1.0743445065587656	B	88	True	0.0	0.0307599837813527	7.569819764702808	1;2;30;31;32;33;34;40;41;42;43;84;102;103;104;105;106;218;
Q	109	GLN	-0.05530933714519655	-0.9390107265936148	B	89	True	0.08185661878169413	0.09502114032993177	19.801236884731722	1;16;29;30;31;32;33;40;41;42;99;100;101;102;103;104;105;
C	110	CYS	-0.0	-1.4054951541913754	B	90	True	0.0	0.0	0.0	14;15;16;17;18;28;29;30;31;32;45;73;74;75;98;99;100;101;102;103;104;
Q	111	GLN	-0.052324657203338794	-1.1195177007496577	B	91	True	0.12220026093133103	0.11721014351223207	24.42515222318396	16;26;27;28;29;30;31;42;45;73;97;98;99;100;101;102;103;
S	112	SER	0.0	-0.5333607511333004	B	92	True	0.0	0.0	0.0	18;23;24;25;26;27;28;29;30;45;73;97;98;99;100;101;102;
L	113	LEU	0.059210522275172664	-0.4601802740324173	B	93	True	0.12832009598307645	0.12057605279069204	25.06808693052741	23;25;26;27;28;29;45;46;97;98;99;100;
H	114	HIS	0.31313464195262275	0.571501232062579	B	94	True	0.4076631400426001	0.27421472702343	58.1749285527477	23;25;26;27;28;98;99;
G	115	GLY	0.5543756667538985	0.5186370336330816	B	95	True	1.0	0.8809674758204303	88.1955040360825	26;27;
S	116	SER	0.9884791726756567	0.946924103699733	B	96	True	1.0	0.8617759968302201	116.79529436400418	
E	117	GLU	0.9129799739013431	1.1412753014025572	B	97	True	0.8536806061464739	0.5195243333805606	101.97202834620307	91;92;93;
A	118	ALA	0.5834542107784291	0.8362242201881104	B	98	True	0.6685771104249671	0.41771741073373186	54.12097151734095	26;27;28;29;90;91;92;93;94;
D	119	ASP	0.5738866777460246	1.13951822784887	B	99	True	0.5003638765100712	0.3252001320805391	54.36012887845083	23;28;29;89;90;91;92;93;94;
T	120	THR	0.9276541361891694	1.3801151834617922	B	100	True	0.6913210434530196	0.43022657389916075	70.06695796116166	28;29;30;89;90;91;92;93;
L	121	LEU	0.08822561508802172	0.398026309645054	B	101	True	0.214283576343108	0.1678559669887094	34.89770874806355	16;17;18;19;23;28;29;73;89;90;91;92;
R	122	ARG	0.024864595828300553	0.1831029521946757	B	102	True	0.3593906786172012	0.24766487323946065	67.61568050475023	0;1;2;15;16;17;18;88;89;90;91;92;
K	123	LYS	-0.18156188145608088	-0.782148173559727	B	103	True	0.4275771262883202	0.28516741945857604	70.09506423866026	0;1;2;3;16;31;32;33;87;88;89;90;91;
V	124	VAL	0.0	-0.16414931828385013	B	104	True	0.0	0.0	0.0	0;1;2;3;4;14;15;16;30;32;33;86;87;88;89;90;
L	125	LEU	-0.0	-0.45105470972580586	B	105	True	0.0	0.02913845451010595	6.057963366478205	1;2;3;4;5;14;32;33;85;86;87;88;89;148;149;218;219;
V	126	VAL	-0.0	-1.3301968678630351	B	106	True	0.0	0.00495177022723189	0.8836889533356213	2;3;4;5;6;12;14;77;80;82;84;85;86;87;88;148;218;219;
E	127	GLU	-0.0	-1.752201561437573	B	107	True	0.0	0.04933896484409403	9.684232284012838	3;4;5;6;7;8;80;82;83;84;85;86;87;148;149;150;169;170;171;218;219;
V	128	VAL	-0.0	-0.6603709059186862	B	108	True	0.0	0.0	0.0	4;5;6;7;8;9;10;12;80;81;82;83;84;85;86;169;170;171;173;174;219;
L	129	LEU	0.013055155600401835	-0.06321661929263059	B	109	True	0.32556418636504114	0.2290603025007726	47.62225535272738	5;6;7;8;9;10;80;81;82;85;169;170;171;172;173;174;
A	130	ALA	-0.035702530110199984	0.15321543317085812	B	110	True	0.37075331253162996	0.25391432189239643	32.8980536359377	6;7;8;9;81;82;169;171;172;173;174;175;
D	131	ASP	0.015083157233369832	0.09934512209523562	B	111	True	0.5449989859855751	0.3497494422920662	58.463767024099496	6;7;8;9;10;115;173;174;
P	132	PRO	0.51616897347113	0.6171126139992641	B	112	True	1.0	0.6847095154496247	113.19556085556803	7;8;173;
L	133	LEU	1.2282530346401028	1.4052215486757345	B	113	True	0.9714392202053598	0.5842915711129478	121.47579522162386	
D	134	ASP	1.6685685485073949	1.9128600626473142	B	114	True	0.9570167216706709	0.5763591969188689	96.3436269977612	
H	135	HIS	1.5274585460992691	1.6380629444041452	B	115	True	0.999517229147764	0.5997344760312702	127.23426882451001	111;
R	136	ARG	1.5096120290456918	1.613634535631548	B	116	True	1.0	0.7384371055859019	201.60278181990273	
D	137	ASP	2.560588251037485	2.5128030195967868	B	117	True	1.0	0.8683618210684576	189.4563599447976	
E	3	GLU	0.5316015639218955	-0.44210821547978235	C	118	True	1.0	0.7066579853435693	174.80736381751012	142;143;144;
V	4	VAL	-0.1193473651983913	-0.7666928181252234	C	119	True	0.26363513538364697	0.19499932446100582	34.79942344385153	141;142;143;144;145;215;227;228;229;
Q	5	GLN	-0.2312544516958645	0.018164416797247715	C	120	True	0.9207919792444018	0.556435588584421	115.95433250325374	139;140;141;142;143;144;215;227;228;229;230;
L	6	LEU	-0.0	0.12885696208560132	C	121	True	0.0	0.023518735130068462	4.889608534126085	139;140;141;142;143;195;196;212;213;214;215;227;228;229;230;231;
L	7	LEU	-0.5266394720176569	-0.2902068062413354	C	122	True	0.8962034644537141	0.5429119054495427	112.87285100510465	138;139;140;141;142;195;196;212;213;214;228;229;230;231;232;
E	8	GLU	-0.0022145516637510827	0.3685580022895062	C	123	True	0.0067710846414693136	0.053724096552808125	10.544944181746557	137;138;139;140;141;195;196;197;211;212;213;214;228;229;230;231;232;233;
S	9	SER	-0.038091649494117114	0.44909746559710056	C	124	True	0.761282725095136	0.4687054988023247	63.52300006498075	136;137;138;139;140;197;211;212;213;230;231;232;233;
G	10	GLY	-0.20834420474796803	0.4337394795982786	C	125	True	0.5677242793129691	0.3622483536221329	36.265443402654334	135;136;137;138;139;197;198;232;233;234;
G	11	GLY	-0.2003824537035957	0.18114184720207827	C	126	True	0.46160546803965424	0.3038830074218098	30.422366027312965	135;136;137;138;209;210;211;231;232;233;234;235;
G	12	GLY	-0.23950374671472965	-0.34075523507590105	C	127	True	0.5063172177000036	0.32847446973500194	32.88426896155749	135;137;208;232;233;234;235;236;
L	13	LEU	-0.22698197504361	-0.22415325740376976	C	128	True	1.0	0.6488248841281393	134.89244523742732	135;208;233;234;235;236;237;
V	14	VAL	-0.0016476188798480009	-0.23653872998346467	C	129	True	0.08221918486768931	0.09522055167722912	16.99298347587697	133;134;135;203;204;205;208;234;235;236;237;238;
Q	15	GLN	0.0734627574772673	-0.23653872998346578	C	130	True	1.0	0.6490477911274339	135.25357638312636	134;135;202;203;204;205;235;236;237;238;
P	16	PRO	0.23350597568662973	-0.265943857382032	C	131	True	0.7215827728025455	0.44687052504139996	73.8762330163717	201;202;203;204;205;206;207;235;236;237;238;
G	17	GLY	0.466470541929098	-0.2493473241252392	C	132	True	0.9076253885463119	0.5491939637004715	54.980961013377964	200;201;202;203;204;205;236;
G	18	GLY	0.24367412388671236	0.5055326961057132	C	133	True	0.3645137414167867	0.2504825577792327	25.07633487265032	129;200;201;202;203;204;236;
S	19	SER	0.23766793666677105	0.17569392260156513	C	134	True	0.7900758181569311	0.484541699986312	65.66925824076489	129;130;184;185;199;200;201;202;203;
L	20	LEU	0.013028525210508776	0.05240378973639763	C	135	True	0.21796389973299068	0.16988014485314487	35.31854079135992	125;126;127;128;129;130;185;198;199;200;201;202;203;234;
R	21	ARG	-0.040559087693903116	-0.5379200973882104	C	136	True	0.7511183055315506	0.46311506804235275	126.43634144843325	124;125;126;185;186;187;197;198;199;200;201;
L	22	LEU	-0.0	-0.731641010588414	C	137	True	0.0	3.268636335893516e-06	0.0006795583195503689	123;124;125;126;127;153;187;196;197;198;199;200;211;212;213;232;233;234;
S	23	SER	-0.1868322457230879	-0.8934797018741119	C	138	True	0.33037128004792754	0.2317042040263601	31.40254638580695	122;123;124;125;126;188;189;195;196;197;198;199;213;232;
C	24	CYS	-0.0	-0.512506592460939	C	139	True	0.0	0.00011980895616153	0.01859349935268071	120;121;122;123;124;125;153;189;194;195;196;197;198;212;213;214;229;230;231;232;
A	25	ALA	-0.06402217418435802	-0.5920252709042558	C	140	True	0.7099898036561069	0.4404943920108587	57.0720392087381	120;121;122;123;124;146;190;193;194;195;196;197;213;229;
A	26	ALA	-0.018766279969621515	-0.880384769229636	C	141	True	0.04929036587067312	0.07710970122887022	9.99061048613685	119;120;121;122;123;145;146;191;193;194;195;196;213;214;215;229;
S	27	SER	-0.3727668230141214	-1.1242275642581794	C	142	True	0.6531753138734399	0.40924642263039185	55.46459471410533	118;119;120;121;122;146;193;194;195;
G	28	GLY	-0.41202550609526745	-1.6118544223633098	C	143	True	0.57671863578237	0.3671952496803035	36.76068755551951	118;119;120;121;
F	29	PHE	-0.0912366323511558	-1.4599241091413673	C	144	True	0.12436993976537443	0.11840346687095593	27.20664205448807	118;119;120;148;149;194;
T	30	THR	-0.7463752737556052	-1.839974672977825	C	145	True	0.7132689050792647	0.4422978977935955	72.03290101340365	119;141;149;191;194;
F	31	PHE	-0.0	-2.371955550036224	C	146	True	0.0	0.010092423455303314	2.3190279783784855	140;141;142;150;151;170;189;190;191;192;193;194;195;196;215;
S	32	SER	-0.8040672620111886	-2.9457270270728864	C	147	True	0.4364730053569551	0.29006015294632526	39.31144644460134	151;169;170;171;172;189;190;191;192;193;194;195;
Y	33	TYR	-0.916340428562552	-2.5970805996648667	C	148	True	0.4491502539296952	0.2970326396613323	73.09768309544022	1;3;86;105;106;107;144;169;170;171;191;216;217;218;219;
Y	34	TYR	-0.06703347389536858	-2.3183830693026906	C	149	True	0.030360880059383814	0.0666984840326611	16.41403670089807	86;105;107;144;145;168;169;170;171;215;216;217;218;219;220;
Y	35	TYR	-0.0	-1.9342476667093536	C	150	True	0.0	0.01489603258985977	3.6658108377396195	85;86;107;146;167;168;169;170;171;172;174;175;214;215;216;217;218;219;220;223;224;225;
M	36	MET	-0.0	-2.5512218752619362	C	151	True	0.0	0.0	0.0	146;147;166;167;168;169;170;172;175;187;188;189;195;196;197;213;214;215;216;217;218;219;220;225;227;
G	37	GLY	-0.0	-1.551292502573937	C	152	True	0.0	0.0	0.0	164;165;166;167;168;169;175;176;177;187;188;196;197;198;212;213;214;215;216;220;225;228;334;
W	38	TRP	-0.0	-1.0391107157979336	C	153	True	0.0	0.0	0.0	137;139;163;164;165;166;167;168;177;187;196;197;198;211;212;213;214;215;225;228;229;231;
V	39	VAL	-0.0	-0.6437021659626538	C	154	True	0.0	0.0	0.0	162;163;164;165;166;167;209;210;211;212;213;214;228;231;282;334;335;336;
R	40	ARG	0.0	-0.16269328975366593	C	155	True	0.0	0.04390273172613952	11.986007716202185	160;161;162;163;164;165;166;207;208;209;210;211;212;213;231;232;233;234;
Q	41	GLN	0.0897739238045474	-0.1460967564968742	C	156	True	0.16690412212328667	0.14179726716780766	29.548806371384952	160;161;162;163;164;165;207;208;209;210;211;212;231;233;
A	42	ALA	0.21425341484667262	0.8971322883432811	C	157	True	0.22328951581339276	0.172809233697366	22.38978643107205	161;162;163;206;207;208;209;210;211;233;234;235;
P	43	PRO	1.4586365497681109	1.5601081575512217	C	158	True	1.0	0.6383897312067528	105.53801581234228	208;209;210;233;
G	44	GLY	0.7264345738944689	0.673163151688783	C	159	True	1.0	0.9058121721464415	90.68275875914176	209;
K	45	LYS	1.2134761653256187	1.082104724039944	C	160	True	0.9915383417500029	0.5953460879625015	146.33797352866435	155;156;209;338;339;
G	46	GLY	0.1991646117872084	0.5313537117527902	C	161	True	0.32581861077303514	0.22920023592516933	22.945716938964143	155;156;157;276;323;324;325;336;337;338;339;340;
L	47	LEU	0.0022409969869968895	-0.2408651489205715	C	162	True	0.002045506844469477	0.051125028764458215	10.629031517708528	154;155;156;157;209;210;211;212;274;276;282;324;325;326;327;335;336;337;338;339;
E	48	GLU	0.5846684873546646	-0.25132050327220545	C	163	True	0.5359509870629963	0.3447730428846479	67.67191494818152	153;154;155;156;157;178;180;209;211;212;327;334;335;336;337;338;
W	49	TRP	0.0	-0.512797350160122	C	164	True	0.0	0.020559316593893463	5.544555743077433	152;153;154;155;156;177;178;179;211;212;327;333;334;335;336;
V	50	VAL	-0.0	-1.0883500647751283	C	165	True	0.0	0.004757786006236389	0.849070684444141	152;153;154;155;156;176;177;178;179;180;181;182;185;187;198;211;212;333;334;335;
S	51	SER	-0.0	-0.6949914827822583	C	166	True	0.0	0.0	0.0	151;152;153;154;155;175;176;177;178;179;181;182;185;186;187;188;198;332;333;334;
G	52	GLY	-0.0	-1.0271061102872232	C	167	True	0.0	0.0	0.0	150;151;152;153;154;172;174;175;176;177;178;186;187;188;198;214;215;216;220;332;333;334;
I	53	ILE	-0.0	-0.3847420362412452	C	168	True	0.0	0.0028889650190754494	0.5885821325753291	149;150;151;152;153;172;173;174;175;176;177;186;187;188;189;196;216;220;
S	54	SER	-0.0	0.23644323298843206	C	169	True	0.0	0.0	0.0	82;85;107;108;109;110;147;148;149;150;151;152;173;174;175;176;188;189;216;219;220;
P	55	PRO	-0.0011036812508014209	0.2727842250316278	C	170	True	0.015366986895529684	0.05845184279254133	9.663206043804418	107;108;109;146;147;148;149;150;151;174;175;188;189;190;191;218;219;
S	56	SER	-0.0517900269022616	-0.30098725200503346	C	171	True	0.6124482785555269	0.38684655320553973	52.428771770772315	5;107;108;109;110;147;148;149;150;175;188;189;190;191;
S	57	SER	0.021257861629163526	0.008005695375898448	C	172	True	0.5752717807054881	0.3663994793880184	49.657608482187	109;110;147;150;151;167;168;187;188;189;190;191;
G	58	GLY	-0.13395273690812853	-0.5185255737474362	C	173	True	0.6568415781594342	0.41126286798768874	41.172389366270295	108;109;110;111;112;168;169;188;
Y	59	TYR	-0.10226908297740299	-1.1713194891550622	C	174	True	0.16015920254293936	0.13808756139861664	33.982396056025905	82;108;109;110;111;150;167;168;169;170;
T	60	THR	-0.4855712734692098	-1.3066532691202128	C	175	True	0.5364903233446692	0.345069677839568	56.19825477475875	110;150;151;152;166;167;168;169;170;171;186;187;188;332;
Y	61	TYR	-0.008496265088231049	-0.8882745771173169	C	176	True	0.15306829203487515	0.13418756061918133	33.022632774212255	152;165;166;167;168;169;182;186;187;332;333;334;
Y	62	TYR	-0.009280646360977507	-0.9111154040486458	C	177	True	0.1427113215550358	0.12849122685526967	31.620804339616562	152;153;164;165;166;167;168;181;182;183;184;185;186;187;332;333;334;
A	63	ALA	-0.0010804662825443956	-1.0248430319277195	C	178	True	0.10194124939026733	0.10606768716464703	13.742511392725461	163;164;165;166;167;182;183;185;239;332;333;334;335;
D	64	ASP	0.8275041167800695	-0.5025037351923882	C	179	True	0.9908783639633316	0.5949831001798324	99.45678004296059	164;165;166;183;184;239;333;
S	65	SER	0.06566484246448731	0.07238243437644609	C	180	True	0.5264757853751798	0.33956168195634884	46.020319369189224	163;165;184;185;206;207;
V	66	VAL	0.0	1.0921285631919584	C	181	True	0.0	0.006484706454402318	1.1572555260874742	165;166;177;185;186;200;201;202;203;207;
K	67	LYS	0.456526046839024	0.6226580475587665	C	182	True	0.7337339017056814	0.45355364593812475	111.48493754325807	165;166;176;177;178;186;
G	68	GLY	0.13280241859936165	-0.2675498293672125	C	183	True	1.0	0.7985516144799412	79.94467908397732	177;178;179;200;201;202;
R	69	ARG	-0.016848522988587234	-0.7943760793593271	C	184	True	0.10432359894879387	0.10737797942183662	29.315562820298	134;177;179;180;199;200;201;202;203;
F	70	PHE	0.0	-0.17554404991979156	C	185	True	0.0	0.020865053974643864	4.7943533237450895	134;135;136;165;166;177;178;180;181;198;199;200;201;202;203;
T	71	THR	-0.10925527054752407	-0.1282772812118819	C	186	True	0.7026195724078526	0.43644076482431887	71.07900482374747	136;166;167;168;175;176;177;181;182;197;198;199;200;201;
I	72	ILE	-0.0	0.1462545167560644	C	187	True	0.0	0.022897914185077053	4.6650973873309995	136;137;151;152;153;165;166;167;168;172;175;176;177;196;197;198;199;200;
S	73	SER	-0.117039828014748	-0.2179745751190638	C	188	True	0.419252893700754	0.28058909153541467	38.027846751066605	138;151;152;166;167;168;169;170;171;172;173;175;195;196;197;198;199;
R	74	ARG	0.01797094325878318	0.4507387589905051	C	189	True	0.07025155079566993	0.08863835293761846	24.199404922887442	138;139;146;147;151;168;169;170;171;172;193;194;195;196;197;198;
D	75	ASP	0.4508569245763476	1.4160762496038861	C	190	True	0.3348629512160787	0.23417462316884324	39.144395834280665	140;146;147;170;171;172;194;195;196;197;
N	76	ASN	0.6921699342952462	2.0976500503788174	C	191	True	0.45271926825394904	0.2989955975396719	53.00504254504041	141;145;146;147;148;170;171;172;195;196;
S	77	SER	1.7262083957685976	1.8546742384308528	C	192	True	1.0	0.7924046357293062	107.39349091390285	146;147;
K	78	LYS	1.0386619881020225	1.0057526333880797	C	193	True	0.9686768748425654	0.582772281163411	143.24729158126613	140;141;142;146;147;189;
N	79	ASN	-0.020465577935637337	0.12970589980495525	C	194	True	0.40700263659325064	0.2738514501262878	48.54756352403792	139;140;141;142;144;145;146;147;189;190;
T	80	THR	0.04990547060358259	-0.4134460439388527	C	195	True	0.0795612087876284	0.09375866483319562	15.26959240993314	121;122;123;138;139;140;141;142;146;147;151;188;189;190;191;
L	81	LEU	0.0	-0.4889797608298775	C	196	True	0.0	0.0	0.0	121;122;123;137;138;139;140;141;146;151;152;153;168;187;188;189;190;191;213;214;215;
Y	82	TYR	-0.14832003590371104	-1.2185814691313896	C	197	True	0.1674079081071501	0.14207434945893255	34.963517088832035	123;124;125;136;137;138;139;140;151;152;153;186;187;188;189;190;213;
L	83	LEU	-0.0	-1.2297283944531159	C	198	True	0.0	0.0	0.0	125;135;136;137;138;139;152;153;165;166;167;185;186;187;188;189;211;213;
Q	84	GLN	-0.15133342941327238	-0.9982710720042675	C	199	True	0.3428863666140609	0.23858750163773348	49.71870071503351	134;135;136;137;138;184;185;186;187;188;
M	85	MET	-0.0	-0.9925737546176066	C	200	True	0.0	0.0	0.0	132;133;134;135;136;137;181;183;184;185;186;187;207;
N	86	ASN	0.36716217294836	-0.01047946244437	C	201	True	0.4730431092232545	0.31017371007278993	54.986664800573976	131;132;133;134;135;136;181;183;184;185;186;
S	87	SER	0.27681600852499255	0.2522518191636349	C	202	True	0.7435531985825066	0.4589542592203786	62.201428216175	130;131;132;133;134;135;181;183;184;185;207;
L	88	LEU	0.0	0.6711017695785514	C	203	True	0.0	0.00961669635101293	1.999337136455736	129;130;131;132;133;134;135;181;184;185;207;208;234;235;236;237;
R	89	ARG	0.8399733794339895	1.4480661880058465	C	204	True	0.5597662726157978	0.35787144993868875	97.70348658782126	129;130;131;132;133;208;235;236;237;238;
A	90	ALA	0.8574763619160456	1.1327062179300393	C	205	True	0.7848331043474045	0.4816582073910724	62.405371319133955	129;130;131;132;209;235;236;237;238;
E	91	GLU	1.059777879222964	1.000592660835609	C	206	True	0.9687939792860858	0.5828366886073472	114.39895210517464	131;157;180;235;236;
D	92	ASP	0.0	0.8106655196926664	C	207	True	0.0	0.0018850893658618189	0.31510965330809576	131;155;156;157;180;181;200;202;203;211;234;235;236;
T	93	THR	0.05371150405957657	-0.10281325438905935	C	208	True	0.21962538174102658	0.1707939599575646	27.815606795064948	127;128;129;155;156;157;158;203;204;233;234;235;236;237;
A	94	ALA	0.0	-0.5129605165941767	C	209	True	0.0	0.006773545706489245	0.87760496649729	126;154;155;156;157;158;159;160;162;163;205;231;232;233;234;235;236;
V	95	VAL	-0.610476695972738	-1.5635917957361065	C	210	True	0.3531740911586743	0.24424575013727087	43.587901172897254	126;154;155;156;157;158;162;230;231;232;233;234;235;281;
Y	96	TYR	-0.0	-2.167093867474528	C	211	True	0.0	0.0	0.0	123;124;126;137;153;154;155;156;157;162;163;164;165;198;207;229;230;231;232;233;234;281;
Y	97	TYR	-0.0238653621847814	-1.474376204589116	C	212	True	0.013545851869770795	0.05745021852837394	14.13810237332498	121;122;123;124;137;139;152;153;154;155;156;162;163;164;165;228;229;230;231;232;233;281;282;
C	98	CYS	-0.0	-1.8052564422841828	C	213	True	0.0	0.0	0.0	121;122;123;124;137;138;139;140;141;151;152;153;154;155;196;197;198;225;227;228;229;230;231;232;281;
A	99	ALA	-0.0	-1.6883085915343876	C	214	True	0.0	0.0	0.0	121;122;123;139;141;150;151;152;153;154;167;196;224;225;226;227;228;229;230;231;282;
R	100	ARG	-0.033421731181772246	-1.6883085915343876	C	215	True	0.018761833108133282	0.06031900820947331	16.467861324491295	119;120;121;141;146;149;150;151;152;153;167;196;220;224;225;226;227;228;229;
Y	101	TYR	-0.0	-1.1145371144977265	C	216	True	0.0	0.00237124542413465	0.5835471372861107	35;148;149;150;151;152;167;168;169;220;221;223;224;225;226;227;228;
Y	102	TYR	-0.013785506394524612	-1.1078930824735351	C	217	True	0.012914544409709745	0.05710299942534036	14.052654147880228	34;35;36;86;87;148;149;150;151;222;223;224;225;226;227;
Y	103	TYR	-0.25517774676806554	-1.5192788919366222	C	218	True	0.1591249114802013	0.1375187013141107	33.842403514363575	33;34;35;36;85;86;87;88;105;106;107;148;149;150;151;170;222;223;224;225;226;
G	104	GLY	-0.0	-2.5192082646246203	C	219	True	0.0	0.033258248445131894	3.329553094163889	33;34;35;82;83;84;85;86;87;105;106;107;108;148;149;150;151;169;170;223;224;
Y	105	TYR	-0.0	-2.009273528758078	C	220	True	0.0	0.004304082834276824	1.0592050873439698	82;83;84;85;86;149;150;151;152;167;168;169;215;216;224;225;329;330;331;332;334;
Y	106	TYR	-0.35591401002813583	-1.6036235532977638	C	221	True	0.2440390524160787	0.18422147882884327	45.33563481157441	34;82;83;84;85;86;216;270;328;329;330;331;332;333;334;
Y	107	TYR	-0.28091843166997893	-1.3850214277478767	C	222	True	0.20909598448051417	0.1650027914642828	40.60604846009889	34;35;83;84;85;86;217;218;267;268;269;270;271;272;287;288;328;329;330;331;332;334;
S	108	SER	-0.0	-1.0029837277881786	C	223	True	0.0	0.028689151773002287	3.888200574982518	33;34;35;83;85;86;150;216;217;218;219;270;271;272;287;288;328;329;330;334;
H	109	HIS	-0.0	-0.9716484821615491	C	224	True	0.0	0.006757783482174157	1.4336705235267297	34;35;150;214;215;216;217;218;219;220;270;271;272;273;274;284;286;287;288;327;328;329;334;
M	110	MET	-0.0	-1.0887198343421634	C	225	True	0.0	0.0	0.0	150;151;152;153;213;214;215;216;217;218;220;272;273;274;282;283;284;287;327;329;334;
D	111	ASP	-0.034546141852302564	-0.5149483573055031	C	226	True	0.07040038348429742	0.08872021091636358	14.830381736568418	35;36;214;215;216;217;218;272;274;282;283;284;285;286;287;293;294;
Y	112	TYR	-0.2925358604476706	-0.566082693214528	C	227	True	0.5170806772207056	0.33439437247138803	82.29214774403854	119;120;121;151;213;214;215;216;217;281;282;283;284;
W	113	TRP	-0.030798181468782316	-0.4078695697019367	C	228	True	0.08407874401012537	0.09624330920556895	25.955453837751225	119;120;121;122;123;152;153;154;212;213;214;215;216;281;282;283;284;
G	114	GLY	-0.0	-0.33523724507704566	C	229	True	0.0	0.0037588973871901903	0.37631111111612303	119;120;121;122;123;139;140;141;153;211;212;213;214;215;281;282;283;
Q	115	GLN	-0.8761196350172276	-1.1713739000548073	C	230	True	0.9577791559525229	0.5767785357738876	120.19355247928814	120;121;122;123;124;139;210;211;212;213;214;280;281;282;
G	116	GLY	-0.25446532136868755	-1.2895602980625733	C	231	True	0.23771946626704174	0.18074570644687293	18.094832238379986	121;122;123;124;126;139;153;154;155;156;209;210;211;212;213;214;280;281;282;
T	117	THR	-0.12220321762078241	-0.8744424857883469	C	232	True	0.12350771613637133	0.11792924387500422	19.206027415029514	122;123;124;125;126;127;137;138;139;155;209;210;211;212;213;
L	118	LEU	-1.008063483435695	-1.5498038275759825	C	233	True	0.7754457994492824	0.47649518969710525	99.06463647504037	123;124;125;126;127;128;137;155;156;157;158;208;209;210;211;212;
V	119	VAL	-0.0	-1.4862840190872593	C	234	True	0.0	0.0	0.0	125;126;127;128;129;135;137;155;157;203;207;208;209;210;211;
T	120	THR	-0.42626432221096844	-1.5114780858087298	C	235	True	0.44110567698736536	0.2926081223430509	47.65433436966268	126;127;128;129;130;131;157;203;204;205;206;207;208;209;210;
V	121	VAL	0.006939207771922543	-0.8561924634219221	C	236	True	0.019003993620926776	0.06045219649150973	10.788250624117634	127;128;129;130;131;132;133;203;204;205;206;207;208;209;
S	122	SER	0.12445703138122786	-0.9529991325852685	C	237	True	0.3523186448081073	0.243775254644459	33.03851897660703	128;129;130;131;203;204;205;208;
S	123	SER	0.05013526271254552	-0.7072935658291856	C	238	True	1.0	1.0	152.20450858561048	129;130;131;204;205;
D	139	ASP	0.0830689272287355	-0.811261136080706	C	239	True	0.992043834507081	0.5956241089788945	99.56393043280302	178;179;264;265;331;332;333;334;335;
I	140	ILE	0.0	-0.40914771672018346	C	240	True	0.0	0.019848649695354645	4.043856706223201	263;264;265;266;267;328;329;330;331;333;334;335;336;
Q	141	GLN	0.08080576000848631	-0.4701904306929649	C	241	True	0.923494613900057	0.5579220376450313	116.2640902041615	262;263;264;265;327;328;335;336;337;338;
M	142	MET	0.001136154754170612	-0.5015256763195932	C	242	True	0.028033393756644424	0.06541836656615443	14.126442076295389	261;262;263;264;265;307;325;326;327;328;334;335;336;337;338;339;
T	143	THR	-0.42667400485524487	-0.7921554653286306	C	243	True	0.779772028592058	0.47887461572563184	77.98980724184584	247;260;261;262;263;264;325;326;327;336;337;338;339;340;
Q	144	GLN	-0.0	-0.268301728755643	C	244	True	0.0	0.04916642869122707	10.245678992178819	248;259;260;261;262;263;309;310;324;325;326;336;337;338;339;340;
S	145	SER	0.042765516928485625	0.11708635178170572	C	245	True	0.759158871186156	0.46753737915238575	63.36468644419203	249;258;259;260;261;262;310;337;338;339;340;
P	146	PRO	-0.007798901448663668	0.03475328150720798	C	246	True	0.4730286598049647	0.31016576289273057	51.27632477223961	258;259;260;261;338;339;340;341;342;
S	147	SER	0.25677019340552265	0.2662106039560554	C	247	True	0.8948319738744249	0.5421575856309336	73.47785855994056	243;259;260;323;324;337;338;339;340;341;342;
S	148	SER	0.11138944965870999	0.16541462664314005	C	248	True	0.6638336019948698	0.41510848109717835	56.25907129122705	244;259;323;339;340;341;342;343;
L	149	LEU	0.08066021444661986	0.17086423457820546	C	249	True	0.36660442879876964	0.25163243583932327	52.31506281857207	245;257;258;259;321;323;340;341;342;343;344;345;
S	150	SER	-0.2559646266128115	-0.5889691535154624	C	250	True	0.549087793235228	0.35199828627937535	47.70583494184295	257;321;341;342;343;344;345;
A	151	ALA	-0.0	-0.5429674928601034	C	251	True	0.0	0.03899040183495645	5.051736827183564	255;256;257;316;321;342;343;344;345;
S	152	SER	0.009415334195897048	-0.13573572617893254	C	252	True	0.5153402879761948	0.3334371583869071	45.190271264155776	256;257;315;316;317;318;321;342;343;344;345;
V	153	VAL	0.7986208808479981	0.6794973934470694	C	253	True	0.8094207166801147	0.49518139417406304	88.36967545918796	315;316;317;318;319;320;321;344;345;
G	154	GLY	0.08393728264311498	0.024499784074825517	C	254	True	0.6574595517584295	0.4116027534671362	41.206416015377286	313;314;315;316;317;318;
D	155	ASP	-0.022468184854264765	-0.4115748204238559	C	255	True	0.5406316789377742	0.34734742341577574	58.06224795075765	251;313;314;315;316;317;
R	156	ARG	-0.40181383209954347	-0.9465754823185698	C	256	True	1.0	0.6079061849395111	165.96616968765377	251;252;299;312;313;314;315;316;
V	157	VAL	0.0	-0.5221682123145935	C	257	True	0.0	0.024372925306469066	4.349572751852224	249;250;251;252;300;310;311;312;313;314;315;316;342;
T	158	THR	-0.18009930693457685	-1.0744686986195382	C	258	True	0.7113620083219219	0.44124910457705696	71.86209392088224	245;246;249;300;301;302;309;310;311;312;313;314;
I	159	ILE	0.0	-0.9653247718845012	C	259	True	0.0	0.003208703414722713	0.6537239067171661	244;245;246;247;248;249;302;309;310;311;312;313;324;325;326;339;340;341;342;
T	160	THR	-0.5700475977607334	-1.5372718018526226	C	260	True	0.5254017350936929	0.33897095430153107	55.20501300011993	243;244;245;246;247;302;303;304;308;309;310;311;312;325;326;340;
C	161	CYS	-0.0	-0.8980037426565907	C	261	True	0.0	0.012118571994782062	1.8807163317290132	242;243;244;245;246;271;273;304;307;308;309;310;311;325;326;327;328;336;337;338;339;340;
R	162	ARG	0.19746204966132722	-0.3779774035533778	C	262	True	0.8090409587377222	0.49497252730574715	135.1338356028185	241;242;243;244;245;266;267;304;306;307;308;309;310;326;328;337;
A	163	ALA	0.0	0.1570232583413361	C	263	True	0.0	0.02781898786137986	3.604328215676676	240;241;242;243;244;267;271;306;307;308;309;326;327;328;337;
S	164	SER	0.4774592257339508	-0.1618780671033513	C	264	True	0.8574452432080003	0.5215948837644001	70.69102436375188	239;240;241;242;243;306;307;308;
Q	165	GLN	0.23260972766497137	0.35531997441636515	C	265	True	0.6486857089658459	0.40677713993121517	84.76735260284408	239;240;241;242;306;307;308;
S	166	SER	0.2960609212280686	-0.11262852121323384	C	266	True	0.7654438375134089	0.47099411063237484	63.83317242225088	240;262;270;305;306;307;308;328;330;
I	167	ILE	0.0	-0.5092756183064822	C	267	True	0.0	0.0004564617877156119	0.0929970597355251	222;240;262;263;271;305;306;307;308;328;329;330;331;
S	168	SER	-0.03422569789059546	-0.9339694459259816	C	268	True	0.5661771367141089	0.3613974251927598	48.97968707997947	222;288;289;304;305;306;307;308;328;329;330;
S	169	SER	-0.049748725218835145	-0.7631384466346763	C	269	True	0.46031296702230806	0.3031721318622694	41.08849459030876	222;287;288;289;290;303;304;305;306;307;308;309;328;329;330;
Y	170	TYR	-0.22875501847180643	-1.4220990539374472	C	270	True	0.24719109604842887	0.18595510282663585	45.76226771542558	34;221;222;223;224;266;287;288;289;290;304;305;306;327;328;329;330;331;
L	171	LEU	-0.0	-1.4081800532310005	C	271	True	0.0	0.000738828879925132	0.15360451897441074	222;223;224;261;263;267;286;287;288;289;290;302;303;304;305;306;307;308;309;310;326;327;328;329;330;334;336;
N	172	ASN	-0.0	-1.4469289165603303	C	272	True	0.0	0.007803956413765341	1.3834619811630784	222;223;224;225;226;284;285;286;287;288;289;290;291;293;302;309;311;325;326;327;328;329;334;336;
W	173	TRP	-0.0	-1.4814667192125646	C	273	True	0.0	0.0	0.0	224;225;261;282;283;284;285;286;287;288;289;290;292;293;300;301;302;310;311;324;325;326;327;328;336;337;
Y	174	TYR	-0.0	-0.5444098106828926	C	274	True	0.0	0.000447231840257884	0.11006066998776748	162;224;225;226;282;283;284;285;286;287;311;323;324;325;326;327;336;339;
Q	175	GLN	0.0	0.044817773492155925	C	275	True	0.0	0.0304361386780391	6.342516935997608	280;281;282;283;284;285;286;320;321;322;323;324;325;326;339;340;341;
Q	176	GLN	0.07230115888795208	-0.012032986526378261	C	276	True	0.07198158729152898	0.08958987301034094	18.669427579917024	161;162;280;281;282;283;284;320;321;322;323;324;325;339;341;
K	177	LYS	0.4149865230366107	1.0520036522476643	C	277	True	0.37028185653299506	0.25365502109314725	62.3492158807631	281;282;283;319;320;321;322;323;324;341;342;
P	178	PRO	1.5152298705225467	1.4757749342904476	C	278	True	1.0	0.671128802522413	110.95040961708304	282;321;322;323;
G	179	GLY	1.669165336579171	1.6767043143851883	C	279	True	1.0	0.8664740227866097	86.74453401661535	322;
K	180	LYS	1.7273719721094747	2.0961298282037935	C	280	True	0.9173960471217046	0.5545678259169375	136.31454622742618	230;231;275;276;322;
A	181	ALA	0.31083437397681246	1.315530295254412	C	281	True	0.28083334570635904	0.20445834013849748	26.490358598368232	210;211;212;213;227;228;229;230;231;275;276;277;
P	182	PRO	0.0	0.7534268960288948	C	282	True	0.0	0.03759902911542875	6.215837654236477	154;162;212;214;225;226;227;228;229;230;231;273;274;275;276;277;278;323;324;325;
K	183	LYS	0.09384688333270876	0.1274653080145279	C	283	True	0.5710940398262797	0.3641017219044538	89.49736836962484	225;226;227;228;229;273;274;275;276;277;293;296;324;325;
L	184	LEU	-0.0	-0.8095916005151451	C	284	True	0.0	0.024978268858185538	5.193049536942691	224;225;226;227;228;272;273;274;275;276;292;293;294;295;296;324;325;326;
L	185	LEU	-0.0	-0.8360965118356934	C	285	True	0.0	0.004285105923478238	0.8908850912771191	226;272;273;274;275;290;291;292;293;294;295;296;297;298;300;301;302;311;324;325;326;
I	186	ILE	-0.0	-1.164946054192881	C	286	True	0.0	0.002395427616667081	0.48803148731062107	224;226;271;272;273;274;275;290;291;292;293;294;296;300;301;302;303;311;326;
Y	187	TYR	-0.0	-1.5700220856641551	C	287	True	0.0	0.0019094417658428807	0.4699004434257486	34;35;37;38;222;223;224;225;226;269;270;271;272;273;274;291;292;293;301;302;326;327;328;329;
A	188	ALA	-0.06414858538131704	-1.1743102638811433	C	288	True	0.09178538504805318	0.10048196177642925	13.018804702816569	34;35;38;39;222;223;224;268;269;270;271;272;273;292;293;302;303;304;305;327;328;329;330;
A	189	ALA	-0.0	-1.1866957364608393	C	289	True	0.0	0.013188983729990502	1.7088122123989975	268;269;270;271;272;273;301;302;303;304;305;309;310;311;326;327;328;
S	190	SER	-0.29935877007050676	-0.7028294104751504	C	290	True	0.8249096117344153	0.5037002864539284	68.26579464269989	39;269;270;271;272;273;285;286;300;301;302;303;304;305;309;310;311;
S	191	SER	0.0385559821821286	-0.17084853341675135	C	291	True	0.1911863029542025	0.15515246662481136	21.02759658820741	34;35;36;37;38;39;272;285;286;287;300;301;302;303;
L	192	LEU	0.10819473687928886	0.022872379783453287	C	292	True	0.36259974561254094	0.2494298600868975	51.857141372688226	35;36;37;38;273;284;285;286;287;288;296;297;298;299;300;301;302;
Q	193	GLN	0.010607815541717315	-0.45331844086891215	C	293	True	0.04665258703794635	0.07565892287087049	15.766388921538098	35;36;37;38;226;272;273;283;284;285;286;287;288;297;298;300;301;
S	194	SER	0.14401833820931442	-0.30773445736029315	C	294	True	0.4510568362739245	0.29808125995065843	40.39853584734881	35;36;37;226;284;285;286;298;
G	195	GLY	0.14984768070678267	-0.2911379241035014	C	295	True	1.0	0.7993823159734571	80.02784235496634	284;285;
V	196	VAL	0.0072051833407232105	0.5891189265658999	C	296	True	0.012123397191359787	0.056667868455247884	10.112902470228773	283;284;285;286;292;300;301;
P	197	PRO	0.24812842720861222	-0.012482812006836664	C	297	True	0.46081619250467926	0.30344890587757356	50.16590001566517	285;292;293;301;313;
S	198	SER	0.5115344235775007	-0.0025744339430811693	C	298	True	1.0	0.7474484003465557	101.30063527120822	285;292;293;294;313;314;
R	199	ARG	0.06351707504101062	-0.0025744339430811693	C	299	True	0.19882141505971798	0.15935177828284489	43.50507517397868	256;292;312;313;314;315;316;317;
F	200	PHE	0.0	0.6309963078662921	C	300	True	0.0	0.031303992865079226	7.193003306944326	257;258;273;285;286;290;291;292;293;296;311;312;313;314;315;316;320;
S	201	SER	0.20544689457852364	0.5296800188518758	C	301	True	0.64319086674116	0.40375497670763794	54.72034673621879	258;273;285;286;287;289;290;291;292;293;296;297;310;311;312;313;314;
G	202	GLY	0.020585391053873435	0.492895165290181	C	302	True	0.1025379095830774	0.10639585027069257	10.651512001884601	258;259;260;271;272;273;285;286;287;288;289;290;291;292;309;310;311;312;313;
S	203	SER	-0.12740025635137145	0.05435179705914823	C	303	True	0.6712584052957763	0.4191921229126769	56.81252154938302	260;269;271;286;288;289;290;291;308;309;310;311;312;
G	204	GLY	0.14292935971032553	0.5069657947186895	C	304	True	0.5133040007473079	0.33231720041101925	33.268972799268	260;261;262;268;269;270;271;288;289;290;308;309;310;311;
S	205	SER	0.8086495259465035	0.943179567236347	C	305	True	0.9651855247032161	0.5808520385867688	78.72206359681077	266;267;268;269;270;271;288;289;290;309;310;
G	206	GLY	0.05847441815715865	0.2541025007113909	C	306	True	0.22265783893638838	0.1724618114150136	17.265514110560982	262;263;264;265;266;267;268;269;270;271;
T	207	THR	0.12705599117275881	-0.31408566088172085	C	307	True	0.4145978976397253	0.2780288437018489	45.27994430258933	242;261;262;263;264;265;266;267;268;269;271;
D	208	ASP	-0.06122808073553126	-0.7681846158997855	C	308	True	0.6592346413337097	0.4125790527335403	68.96630187588586	260;261;262;263;264;265;266;267;268;269;271;303;304;
F	209	PHE	-0.0	-1.3462811555566516	C	309	True	0.0	0.009336515637324284	2.1453361602803005	244;258;259;260;261;262;263;269;271;272;289;290;302;303;304;305;326;
T	210	THR	-0.5165524322723947	-1.9384304034284507	C	310	True	0.3977167933204512	0.2687442363262481	43.767847574634565	244;245;257;258;259;260;261;262;271;273;289;290;301;302;303;304;305;326;
L	211	LEU	-0.0	-1.7383083266062318	C	311	True	0.0	0.002588446291315176	0.5381449727694116	257;258;259;260;261;272;273;274;285;286;289;290;300;301;302;303;304;324;325;326;
T	212	THR	-0.292133170605345	-2.1621366265441964	C	312	True	0.18874393739087816	0.15380916556498297	25.049452989412465	256;257;258;259;260;299;300;301;302;303;316;
I	213	ILE	-0.0	-1.901520586797333	C	313	True	0.0	0.004072788784304264	0.8297679938547154	254;255;256;257;258;259;297;298;299;300;301;302;317;320;
S	214	SER	-0.4604847579426225	-1.3691087751144242	C	314	True	0.6388075068557302	0.40134412877065156	54.39360789050613	254;255;256;257;258;298;299;300;301;
S	215	SER	-0.042686946536668366	-0.8000695112442788	C	315	True	0.5378754316493646	0.3458314874071505	46.87005732420874	252;253;254;255;256;257;299;300;320;
L	216	LEU	0.0	0.2653863080383368	C	316	True	0.0	0.0	0.0	251;252;253;254;255;256;257;299;300;312;320;321;
Q	217	GLN	0.7077832843593604	1.2610001234327068	C	317	True	0.5090860957814626	0.32999735267980435	68.76738933103326	252;253;254;255;299;313;321;
P	218	PRO	0.6676913709007688	0.618172427014701	C	318	True	0.8976555346911226	0.5437105440801173	89.88573780783531	252;253;254;322;344;
E	219	GLU	0.43868798932439607	0.47615049185651626	C	319	True	0.7694815387645364	0.473214846320495	92.88242074984822	253;277;
D	220	ASP	0.0	0.6570015244474701	C	320	True	0.0	0.005399934723023127	0.9026476883658228	253;275;276;277;300;313;315;316;324;342;343;344;
F	221	PHE	0.06922583711011882	0.1662466052343405	C	321	True	0.1401742747585585	0.12709585111720717	29.203970283445855	249;250;251;252;253;275;276;277;278;316;317;341;342;343;344;
A	222	ALA	0.0	-0.5401764064433664	C	322	True	0.0	0.03975087650136034	5.150266662671651	275;276;277;278;279;280;318;340;341;342;343;344;
T	223	THR	-0.2912724824027637	-1.5908076855852962	C	323	True	0.21859906266209858	0.1702294844641542	27.72367597752283	161;247;248;249;274;275;276;277;278;282;338;339;340;341;342;343;
Y	224	TYR	-0.0	-2.0878164626241427	C	324	True	0.0	0.0	0.0	161;162;244;247;259;273;274;275;276;277;282;283;284;285;311;320;337;338;339;340;341;342;
Y	225	TYR	-0.0	-1.4962469568409595	C	325	True	0.0	0.033199817775688575	8.170246075854307	161;162;242;243;244;259;260;261;272;273;274;275;276;282;283;284;285;311;336;337;338;339;340;341;
C	226	CYS	-0.0	-1.3207842457175958	C	326	True	0.0	0.0	0.0	162;242;243;244;259;260;261;262;263;271;272;273;274;275;284;285;286;287;289;309;310;311;334;335;336;337;338;339;340;
Q	227	GLN	-0.0	-0.615928819704083	C	327	True	0.0	0.0032955970251712773	0.6867618842022846	162;163;164;224;225;241;242;243;261;263;270;271;272;273;274;287;288;289;333;334;335;336;337;338;339;
Q	228	GLN	0.0	-0.0526126970190546	C	328	True	0.0	0.0	0.0	221;222;223;224;240;241;242;261;262;263;266;267;268;269;270;271;272;273;287;288;289;332;333;334;335;336;337;
S	229	SER	0.0	0.5310671580813622	C	329	True	0.0	0.006809453420108735	0.9228756887925488	220;221;222;223;224;225;240;267;268;269;270;271;272;287;288;333;334;335;336;
R	230	ARG	0.20418333796908647	0.6672920901879056	C	330	True	0.43439257518511604	0.2889159163518138	78.87774328777448	83;220;221;222;223;240;266;267;268;269;270;271;288;334;335;
S	231	SER	0.04994658888912194	0.5920955244988471	C	331	True	0.10261212464699476	0.10643666855584712	14.425212678037983	83;220;221;222;239;240;267;270;335;
G	232	GLY	0.02301021467171449	0.401864159895269	C	332	True	0.07188619877237841	0.08953740932480812	8.963778076066124	82;83;166;167;175;176;177;178;220;221;222;239;328;
L	233	LEU	-0.005568507441174502	-0.3135424058397501	C	333	True	0.13120104537310617	0.12216057495520839	25.397513366740206	164;165;166;167;176;177;178;179;221;239;240;327;328;329;
H	234	HIS	-0.0	-0.7397003014910869	C	334	True	0.0	0.0009661982357409562	0.2049799219106796	152;154;163;164;165;166;167;176;177;178;220;221;222;223;224;225;239;240;242;271;272;326;327;328;329;330;
T	235	THR	-0.21823249039149684	-0.8019815627218403	C	335	True	0.3342287666130835	0.23382582163719592	38.08101360732671	154;162;163;164;165;178;239;240;241;242;326;327;328;329;330;331;
F	236	PHE	-0.049342764560194374	-0.8019815627218403	C	336	True	0.07154342761574245	0.08934888518865834	20.530506424653243	154;161;162;163;164;240;241;242;243;244;261;271;272;273;274;325;326;327;328;329;
G	237	GLY	-0.0	-0.6154332127442266	C	337	True	0.0	0.011010197365653248	1.1022539796900146	161;162;163;241;242;243;244;245;247;261;262;263;273;324;325;326;327;328;
Q	238	GLN	0.29040038610699576	-0.10186136018962831	C	338	True	0.6511157313010295	0.40811365221556617	85.04586532380173	160;161;162;163;241;242;243;244;245;246;247;261;323;324;325;326;327;
G	239	GLY	0.0	-0.26252407247567905	C	339	True	0.0	0.042993523639159405	4.30417193791589	160;161;162;242;243;244;245;246;247;248;259;261;274;275;276;323;324;325;326;327;
T	240	THR	0.0	0.4716056507670702	C	340	True	0.0	0.0	0.0	161;243;244;245;246;247;248;249;259;260;261;275;322;323;324;325;326;
K	241	LYS	-0.057580618623056995	-0.12537393141080902	C	341	True	0.7006447276081631	0.4353546001844896	107.01155386006815	246;247;248;249;250;259;275;276;277;321;322;323;324;325;
L	242	LEU	0.0	0.3154784499706668	C	342	True	0.0	0.010350781158633578	2.1519553499890494	246;247;248;249;250;251;252;257;259;277;320;321;322;323;324;
E	243	GLU	0.07398442446249377	0.22755171154025683	C	343	True	0.47906754609032454	0.31348715034967845	61.53113247577474	248;249;250;251;252;320;321;322;323;
I	244	ILE	0.4436137496299263	0.435576886984743	C	344	True	1.0	0.6268343727191124	127.70785019217928	249;250;251;252;253;318;320;321;322;
K	245	LYS	-0.031799418393252434	-0.27859860966304906	C	345	True	0.9619404804949035	0.5790672642721969	171.4264359411505	249;250;251;252;253;
