res1letter	pdb_id	resname	Structurally_corrected_score	intrinsic_score	chain	overall_id	ok	exposure_weight	solvent_exposure	SASA	contacts
N	1	ASN	-0.9177228651657608	-1.1033886679560556	A	0	True	1.0	0.8304103427734919	190.51108001840896	102;103;104;
T	2	THR	-0.8345562842939918	-1.7211198257213995	A	1	True	0.6363316213737296	0.3999823917555512	65.14137231074413	87;88;89;102;103;104;105;
T	3	THR	-0.42827330050749884	-1.3945141159990369	A	2	True	0.41506155240382403	0.2782838538221032	45.32147540378002	14;15;16;87;88;102;103;104;105;106;
V	4	VAL	-0.5786230333219148	-1.0682993874529172	A	3	True	0.6707216500838257	0.41889690754610404	74.7560070031517	14;86;87;103;104;105;106;107;218;219;220;
F	5	PHE	-0.35361347560512796	-1.8270164005796363	A	4	True	0.18928183210979735	0.15410500766038854	35.41010996569718	12;13;14;15;85;104;105;106;107;108;109;218;219;220;
Q	6	GLN	-1.1989645315227326	-1.7474893913527292	A	5	True	0.6882913531933802	0.428560244256359	89.30668361202086	12;13;14;85;105;106;107;108;109;110;218;219;220;221;
G	7	GLY	-0.08274425864311427	-1.4742414689256185	A	6	True	0.05249060225442756	0.07886983123993516	7.895824432075512	10;11;12;13;14;77;80;81;85;106;107;108;109;110;111;220;221;
V	8	VAL	-0.07310652025989636	-0.8918050630252712	A	7	True	0.14824255441372627	0.13153340492754945	23.473346216646533	11;12;78;79;80;81;82;107;108;109;110;111;112;113;221;222;223;224;
A	9	ALA	0.0	-0.20773374291688027	A	8	True	0.0	0.03436635627332208	4.452628837654193	12;77;78;79;80;81;82;84;107;108;109;110;111;112;113;221;222;223;224;270;271;272;333;
G	10	GLY	0.07043320348574741	-0.5689077620476567	A	9	True	0.6742356248627244	0.42082959367449835	42.13013436490075	77;78;79;80;81;82;108;109;110;111;115;270;333;
Q	11	GLN	-0.2665032686638342	-1.0084719151429635	A	10	True	0.5902243124102385	0.37462337182563116	78.06690282098808	6;77;78;79;80;81;108;109;110;111;
S	12	SER	-0.28364406835405387	-1.0084719151429635	A	11	True	0.8158533433326267	0.4987193388329446	67.59073378495462	6;7;61;62;75;76;77;78;79;80;81;
L	13	LEU	-0.0010287684803934214	-0.8565416019210224	A	12	True	0.0019062944471440319	0.05104846194592922	10.613113069405939	4;5;6;7;8;62;75;76;77;78;79;80;81;84;106;107;108;109;
Q	14	GLN	-0.8152489420670839	-1.441415881110565	A	13	True	0.8762750401202014	0.5319512720661107	110.85210209793107	4;5;6;63;64;74;75;76;77;78;
V	15	VAL	-0.0	-1.244697561692921	A	14	True	0.0	0.0	0.0	2;3;4;5;6;64;73;74;75;76;77;90;104;105;106;
S	16	SER	-0.6360465203539843	-1.7600819054945274	A	15	True	0.46552700513872536	0.3060398528262989	41.477152797754336	2;4;66;72;73;74;75;76;90;102;104;
C	17	CYS	-0.0	-0.92939485845183	A	16	True	0.0	0.0	0.0	2;30;66;71;72;73;74;75;89;90;91;101;102;103;104;
P	18	PRO	0.1904666327083125	-0.5126715322878519	A	17	True	0.589432600558422	0.37418793030713204	61.86041186923779	66;67;68;70;71;72;73;74;90;101;102;
Y	19	TYR	0.013907875518548649	-0.22121383837188374	A	18	True	0.10233590141257701	0.10628474577691735	26.1559425709535	22;23;68;70;71;72;73;90;91;92;100;101;102;
D	20	ASP	0.10015503404370689	0.08205360849429501	A	19	True	0.7632108029086324	0.46976594159974777	78.52560503187223	23;24;68;69;70;71;72;101;
S	21	SER	0.11186154100352363	0.46747114048086147	A	20	True	0.1933713711436913	0.1563542541290302	21.190473166151683	24;25;26;67;68;69;70;71;72;73;
M	22	MET	0.0022307733415294715	-0.295953681365939	A	21	True	1.0	0.7810796865395063	168.666347511341	25;26;68;69;70;71;
K	23	LYS	0.3263158915314629	0.3435846550689036	A	22	True	0.9466171761540539	0.5706394468847297	140.26500209049658	18;26;71;92;
H	24	HIS	0.0026434067969729816	0.5130458332670556	A	23	True	0.01659555083254967	0.05912755295790232	12.543969487571935	18;19;27;28;68;71;92;93;94;99;101;
W	25	TRP	0.3219884180230251	1.0356142629731118	A	24	True	0.7477007382805985	0.4612354060543291	124.38863947008657	19;20;50;68;69;71;92;94;
G	26	GLY	0.479193578417336	1.7929594298531397	A	25	True	0.5777135563248328	0.367742455978658	36.81546952718101	20;21;49;50;51;53;68;92;93;94;
R	27	ARG	0.14759223049371242	1.2935455326555079	A	26	True	0.30276877517939144	0.21652282634866526	59.113503085362886	20;21;22;46;48;49;50;53;68;91;92;93;94;95;98;99;
R	28	ARG	-0.06861637737780645	0.7666131443374802	A	27	True	0.31680446333292706	0.22424245483310984	61.221060472860856	23;45;46;47;48;49;50;51;52;53;66;68;91;92;93;94;95;98;
K	29	LYS	0.0	0.8713431471072465	A	28	True	0.0	0.0	0.0	23;44;45;46;47;48;50;53;64;65;66;68;73;74;90;91;92;93;94;98;99;100;101;
A	30	ALA	0.0	1.250807811133134	A	29	True	0.0	0.0	0.0	41;42;43;44;45;46;47;64;65;66;73;75;89;90;91;92;93;98;99;100;101;
W	31	TRP	0.0	0.716366993595686	A	30	True	0.0	7.537897583954427e-05	0.020328639402468165	16;40;41;42;43;44;45;46;62;63;64;73;74;75;88;89;90;91;92;100;104;
C	32	CYS	-0.0	-0.2088491225380094	A	31	True	0.0	0.007381596440570585	1.1455713582418268	39;40;41;42;43;44;45;87;88;89;90;91;100;103;104;
R	33	ARG	-0.02841380735300415	-0.5998780126095392	A	32	True	0.07118191361082676	0.08915005248595471	24.33910544933746	38;39;40;41;42;43;44;84;85;86;87;88;89;90;103;104;105;106;
Q	34	GLN	0.03088486935935297	-0.0913790102034315	A	33	True	0.02544527633802292	0.06399490198591261	13.33575043656976	37;38;39;40;41;42;86;87;88;89;103;104;105;
L	35	LEU	0.399743690242393	0.9081293164304006	A	34	True	0.2965539334186093	0.2131046633802351	44.305034899342004	38;39;40;41;86;87;88;294;295;296;297;298;
G	36	GLY	0.4868247619751861	1.4830952175561878	A	35	True	0.2926470088509932	0.21095585486804624	21.11923363813533	39;40;86;87;88;295;296;297;298;
E	37	GLU	1.293905778099551	1.1637032188543337	A	36	True	1.0	0.7470404119474983	146.62879324089016	40;87;88;297;
K	38	LYS	0.6915289035094966	0.6620932069399149	A	37	True	1.0	0.8264374047228698	203.1409586805765	33;297;
G	39	GLY	0.35059999561752897	1.0373866648115457	A	38	True	0.31240562582634707	0.22182309420449087	22.20717578930941	32;33;34;297;298;
P	40	PRO	1.5735492265332884	1.4795218200906888	A	39	True	0.9904163708980401	0.594729003993922	98.32006368417159	31;32;33;34;35;
C	41	CYS	0.16262905619959472	0.4715473085823888	A	40	True	0.29051792806074006	0.209784860433407	32.55712086675569	30;31;32;33;34;35;36;87;88;89;90;91;
Q	42	GLN	0.2246637053671418	-0.5351449454426437	A	41	True	0.892029215209134	0.5406160683650236	112.65773906963003	29;30;31;32;33;34;88;89;
R	43	ARG	0.18525001552964926	-0.5811466060980016	A	42	True	0.8124192334628522	0.4968305784045686	135.64110733585082	29;30;31;32;33;88;89;90;91;
V	44	VAL	-0.053957751493948644	-0.9527383041204004	A	43	True	0.3138475125911204	0.2226161319251162	39.7278968104507	29;30;31;32;58;59;60;62;63;64;88;
V	45	VAL	0.0	-0.5458939045709622	A	44	True	0.0	0.04550432523316155	8.120665477649824	28;29;30;31;32;57;58;59;60;62;63;64;75;
S	46	SER	0.038042787665070625	-0.40094854297121985	A	45	True	0.08128305854764979	0.09470568220120738	12.835328520774556	27;28;29;30;31;53;56;57;58;59;62;63;64;65;66;75;90;91;92;93;
T	47	THR	-0.0	-1.2812053936406211	A	46	True	0.0	0.006507688801299553	1.059846102792926	26;27;28;29;30;50;52;53;54;55;56;57;58;63;64;65;66;73;92;93;
H	48	HIS	-0.462164755430464	-1.3231917923908116	A	47	True	0.3082239556296652	0.21952317559631584	46.57206122593401	27;28;29;51;52;53;54;55;56;57;58;64;65;66;
N	49	ASN	-1.1852882993570053	-1.1143148782009378	A	48	True	1.0	0.6131971584838938	108.70575266454924	26;27;28;52;53;
L	50	LEU	-1.2280918463158197	-1.5320728411758056	A	49	True	0.9224024970348232	0.5573213733691528	115.86861829115497	25;26;27;53;
W	51	TRP	-0.35049408967405066	-1.2951659107918916	A	50	True	0.3104141215896314	0.22072776687429724	59.52714439170835	24;25;26;27;28;46;54;55;66;68;
L	52	LEU	-1.7697376350188843	-1.8350712487874365	A	51	True	1.0	0.6090169878661416	126.61627612323808	25;27;47;55;68;
L	53	LEU	-1.1763392869829266	-2.3435438693080957	A	52	True	0.4649887819089533	0.3057438300499243	63.56496777572039	27;46;47;48;56;57;65;66;67;68;
S	54	SER	-0.04700243842682217	-1.446690485381903	A	53	True	0.026587602323720056	0.06462318127804603	8.75828928615979	25;26;27;28;45;46;47;48;49;57;64;65;66;67;68;73;
F	55	PHE	-0.24885858275485706	-0.28844613682290576	A	54	True	0.9225745475778991	0.5574160011678445	128.08254707394627	46;47;50;64;65;66;67;68;69;73;74;
L	56	LEU	-0.32352290140359924	-0.4938547653954883	A	55	True	0.5609399798856868	0.3585169889371277	74.53664999589898	46;47;50;51;63;64;65;66;67;
R	57	ARG	-0.2807420620703041	0.05350823902541648	A	56	True	0.634293631403345	0.3988614972718397	108.89429418237734	45;46;47;52;62;63;64;65;66;74;75;76;
R	58	ARG	-0.1162974128512592	0.09529883900367872	A	57	True	0.47570141755197165	0.31163577965358435	85.0805567834081	44;45;46;47;52;53;62;63;64;65;66;75;
W	59	TRP	0.3587465312065094	0.769461781048313	A	58	True	0.5642567152098122	0.36034119336539666	97.17890300570168	43;44;45;46;47;62;63;64;65;75;76;77;
N	60	ASN	0.7487962910057041	0.909069189948882	A	59	True	0.7759738374060402	0.476785610573322	84.52312268560681	43;44;45;63;64;77;
G	61	GLY	0.34517775825556174	0.2524055275356468	A	60	True	1.0	0.6886715971681014	68.94435980285269	43;44;77;78;
S	62	SER	-0.08007069553381385	-0.7904248516952856	A	61	True	0.4554513616250774	0.3004982488937925	40.72610697502725	11;76;77;78;79;80;81;84;
T	63	THR	0.0	-0.3629215668413644	A	62	True	0.0	0.02595840704612642	4.227601746576377	11;12;30;43;44;45;56;57;58;75;76;77;78;79;80;84;
A	64	ALA	0.0	-0.02980792444919561	A	63	True	0.0	0.004956850688452826	0.6422274198584266	13;30;43;44;45;46;55;56;57;58;59;74;75;76;77;78;
I	65	ILE	0.0	0.3890146290721995	A	64	True	0.0	0.0004857871794824597	0.09897165669698714	13;14;28;29;30;43;44;45;46;47;53;54;55;56;57;58;59;73;74;75;76;77;
T	66	THR	-0.027387159559447212	0.1988009303137381	A	65	True	0.19291999317716554	0.15610599624744104	25.423516212455997	28;29;45;46;47;52;53;54;55;56;57;58;72;73;74;75;76;
D	67	ASP	-0.0	0.027858275786538652	A	66	True	0.0	0.0038268036107639777	0.6396846647716957	15;16;17;27;28;29;45;46;47;50;52;53;54;55;56;57;70;71;72;73;74;75;
D	68	ASP	-0.06428705978318919	0.2215791889867422	A	67	True	0.672435238776617	0.4198393813271393	70.17993114326327	17;20;52;53;54;55;71;72;73;74;
T	69	THR	0.0	0.7939116807310294	A	68	True	0.0	0.044722465672452805	7.283527592895068	17;18;19;20;21;23;24;25;26;27;28;50;51;52;53;54;72;73;
L	70	LEU	0.3441037491383458	0.7526680570406455	A	69	True	1.0	0.7176714034716436	149.2058224945441	19;20;21;24;54;
G	71	GLY	0.014045884457794987	-0.1148038435637488	A	70	True	0.9622738607909506	0.5792506234350228	57.989996338389346	17;18;19;20;21;66;
G	72	GLY	-0.0	-1.1333252164153702	A	71	True	0.0	0.005327703906876223	0.5333676262955831	16;17;18;19;20;21;22;23;24;66;67;
T	73	THR	-0.4236881850911628	-1.476749777567853	A	72	True	0.36032252644719154	0.2481773895459553	40.41831856788801	15;16;17;18;19;20;65;66;67;68;
L	74	LEU	-0.0	-1.6479875701199844	A	73	True	0.0	0.0	0.0	14;15;16;17;18;20;28;29;30;46;53;54;64;65;66;67;68;90;91;92;101;102;
T	75	THR	-0.3325365636518937	-2.080040383946193	A	74	True	0.14466340919527582	0.1295648750574017	21.101013290773473	13;14;15;16;17;28;30;54;56;63;64;65;66;67;90;
I	76	ILE	-0.0	-1.6538824882948542	A	75	True	0.0	0.0	0.0	11;12;13;14;15;16;29;30;44;45;56;57;58;62;63;64;65;66;90;
T	77	THR	-0.023374213497145992	-1.2659436489020326	A	76	True	0.05948991673826202	0.08271945420604411	13.471739943668869	11;12;13;14;15;56;58;61;62;63;64;65;80;
L	78	LEU	-0.0	-1.2560352708382772	A	77	True	0.0	0.004628575721141528	0.9622933895797707	6;8;9;10;11;12;13;14;58;59;60;61;62;63;64;81;84;106;
R	79	ARG	0.1116655503378724	-0.7345226750255013	A	78	True	0.6984138723261202	0.43412762977936603	118.52239976342811	7;8;9;10;11;12;13;60;61;62;63;84;
N	80	ASN	0.429398109924305	-0.0732593668464928	A	79	True	0.7845714644258013	0.48151430543419066	85.36141152445701	7;8;9;10;11;12;61;62;84;270;
L	81	LEU	0.0	0.3520013598917416	A	80	True	0.0	0.0	0.0	6;7;8;9;10;11;12;61;62;76;84;85;107;108;109;111;270;271;
Q	82	GLN	0.026095160807952333	1.0604437925728494	A	81	True	0.026148586194294273	0.06438172240686185	13.416359054404406	6;7;8;9;10;11;12;61;77;85;107;108;109;223;224;269;270;271;272;273;290;291;292;333;
P	83	PRO	0.0	0.5682592060179651	A	82	True	0.0	0.00523856126901836	0.8660342342889731	7;8;9;86;106;107;108;109;110;218;220;223;224;225;226;270;271;272;273;274;289;290;291;292;332;333;
H	84	HIS	0.11028311916487833	0.5114084459994298	A	83	True	0.3386994544321907	0.23628469993770485	50.12803537648402	106;108;224;226;271;272;273;274;288;289;290;291;292;293;294;
D	85	ASP	0.0	0.5237939185791247	A	84	True	0.0	0.049830961925387544	8.329693764485857	8;12;32;61;62;77;78;79;80;88;105;106;107;108;224;271;289;290;292;294;
A	86	ALA	-0.004863901300530881	0.04839698536481708	A	85	True	0.02703872518333259	0.06487129885083293	8.404959015789778	4;5;6;32;80;81;104;105;106;107;108;109;217;218;219;220;224;225;226;289;290;
G	87	GLY	-0.006235283211501261	-0.1458442395368874	A	86	True	0.19561878886084275	0.1575903338734635	15.776699263773565	3;32;33;34;35;82;104;105;106;107;108;217;218;219;220;226;289;
L	88	LEU	-0.08361057834394527	-0.5993818707117781	A	87	True	0.189961698896757	0.15447893439321633	32.11658755347254	1;2;3;31;32;33;34;35;36;40;103;104;105;106;107;217;218;
Y	89	TYR	-0.0	-1.0743445065587656	A	88	True	0.0	0.019565332023620586	4.814893210222063	1;2;30;31;32;33;34;35;36;40;41;42;43;84;100;102;103;104;105;106;
Q	90	GLN	-0.03756177395983151	-0.9390107265936148	A	89	True	0.0528329811989552	0.07905813965942536	16.474743889906435	1;16;29;30;31;32;33;40;41;42;98;99;100;101;102;103;104;105;
C	91	CYS	-0.0	-1.4054951541913754	A	90	True	0.0	0.0	0.0	14;15;16;17;18;28;29;30;31;32;40;42;45;73;74;75;98;99;100;101;102;103;104;
Q	92	GLN	-0.013771745886056386	-1.1195177007496577	A	91	True	0.03539605483238908	0.06946783015781399	14.476241350577496	16;18;26;27;28;29;30;31;40;42;45;73;97;98;99;100;101;102;103;
S	93	SER	0.0	-0.5333607511333004	A	92	True	0.0	0.0020881678883083454	0.2830064704673865	18;22;23;24;25;26;27;28;29;30;45;46;73;97;98;99;100;101;102;
L	94	LEU	0.04391354327604979	-0.4601802740324173	A	93	True	0.08106532541606443	0.09458592897883543	19.66467001670813	23;25;26;27;28;29;45;46;97;98;99;100;
H	95	HIS	0.5991245104057306	0.571501232062579	A	94	True	0.7446968412489191	0.45958326268690547	97.50104876228968	23;24;25;26;27;28;98;99;
G	96	GLY	0.548944680056199	0.5186370336330816	A	95	True	1.0	0.8639137629023139	86.48822102305274	26;27;
S	97	SER	0.9756820196045867	0.946924103699733	A	96	True	1.0	0.9010085877941301	122.11243249171555	
E	98	GLU	1.1230943396424538	1.1412753014025572	A	97	True	1.0	0.6184995690254498	121.39884800848768	91;92;93;
A	99	ALA	0.5295211189662891	0.8362242201881104	A	98	True	0.5734661135967551	0.3654063624782153	47.3433637855825	26;27;28;29;89;90;91;92;93;94;
D	100	ASP	0.6702777171889858	1.13951822784887	A	99	True	0.5510981461330274	0.35310398037316504	59.024508255197894	23;26;28;29;89;90;91;92;93;94;
T	101	THR	0.8610037482431608	1.3801151834617922	A	100	True	0.6300281295359508	0.3965154712447729	64.57674755620646	18;28;29;30;31;88;89;90;91;92;93;
L	102	LEU	0.09127410356593559	0.398026309645054	A	101	True	0.21712310182471203	0.1694177060035916	35.2223985059529	16;17;18;19;23;28;29;73;89;90;91;92;
R	103	ARG	-0.037144012592165515	0.1831029521946757	A	102	True	0.3237615617239841	0.22806885894819126	62.26571777425076	0;1;2;15;16;17;18;73;88;89;90;91;92;
K	104	LYS	-0.34437387047342427	-0.782148173559727	A	103	True	0.3770591266016312	0.25738251963089714	63.26544694933734	0;1;2;3;16;31;32;33;87;88;89;90;91;
V	105	VAL	-0.0	-0.16414931828385013	A	104	True	0.0	0.0	0.0	0;1;2;3;4;14;15;16;30;31;32;33;85;86;87;88;89;90;
L	106	LEU	-0.12835633701390997	-0.45105470972580586	A	105	True	0.29961190413702543	0.21478654727536395	44.65470310222581	1;2;3;4;5;14;32;33;84;85;86;87;88;89;217;218;219;220;
V	107	VAL	-0.0	-1.3301968678630351	A	106	True	0.0	0.0	0.0	2;3;4;5;6;12;14;32;77;82;83;84;85;86;87;88;218;219;220;
E	108	GLU	-0.0	-1.752201561437573	A	107	True	0.0	0.012855931544505261	2.523357101182875	3;4;5;6;7;8;12;80;81;82;84;85;86;87;217;218;219;220;221;222;223;224;225;
V	109	VAL	-0.0	-0.6603709059186862	A	108	True	0.0	0.00024352562441537018	0.04345938811266743	4;5;6;7;8;9;10;12;80;81;82;83;84;85;86;218;219;220;221;222;223;224;225;333;
L	110	LEU	-0.07211335213282093	-0.06321661929263059	A	109	True	0.3757841684464856	0.25668129264556705	53.364733780503535	4;5;6;7;8;9;10;12;80;81;82;85;218;219;220;221;222;223;224;225;333;
A	111	ALA	-0.0	0.15321543317085812	A	110	True	0.0	0.04031293375858436	5.22308882432372	5;6;7;8;9;10;82;114;220;221;222;223;224;225;332;333;334;335;
D	112	ASP	0.031705439356454444	0.09934512209523562	A	111	True	0.1570045607406294	0.13635250840734617	22.792548952863577	6;7;8;9;10;80;115;221;222;223;224;333;334;335;
P	113	PRO	0.5024709092610948	0.6171126139992641	A	112	True	1.0	0.6057010652887564	100.13395498257846	7;8;222;223;333;334;335;
L	114	LEU	1.0557345440695636	1.4052215486757345	A	113	True	0.7930305812141392	0.4861668196677765	101.07539445934384	7;8;
D	115	ASP	1.798946946809724	1.9128600626473142	A	114	True	1.0	0.680719142502477	113.78833114157155	110;334;
H	116	HIS	1.620442775817885	1.6380629444041452	A	115	True	1.0	0.6064095579946098	128.65039413811448	9;111;
R	117	ARG	1.6199770536952245	1.613634535631548	A	116	True	1.0	0.6294758655813945	171.85496859480014	
D	118	ASP	2.5776712892660667	2.5128030195967868	A	117	True	1.0	0.9668645040619749	210.9473551866035	
E	1	GLU	0.5516570918726487	-0.44210821547978235	B	118	True	1.0	0.7600865537162859	188.02409296157737	142;143;144;
V	2	VAL	-0.12013782617338173	-0.7666928181252234	B	119	True	0.256974947969177	0.19133622138304734	34.145708999041524	141;142;143;144;145;215;229;230;231;
Q	3	GLN	-0.17026788174020563	0.018164416797247715	B	120	True	0.7940603873008005	0.4867332130154402	101.42921477389764	139;140;141;142;143;144;214;215;229;230;231;232;
L	4	LEU	-0.0	0.12885696208560132	B	121	True	0.0	0.04607992947113949	9.580141752859472	139;140;141;142;143;194;195;196;212;213;214;215;229;230;231;232;233;
L	5	LEU	-0.4448294507718103	-0.2902068062413354	B	122	True	0.9065020435191913	0.5485761239355551	114.05045732173654	138;139;140;141;142;195;196;212;213;214;230;231;232;233;234;
E	6	GLU	-0.014613284159051228	0.3685580022895062	B	123	True	0.0701060182437428	0.08855831003405853	17.382189670160994	137;138;139;140;141;195;196;197;211;212;213;214;230;231;232;233;234;235;
S	7	SER	0.022882826819581467	0.44909746559710056	B	124	True	0.7210239823510716	0.44656319029308933	60.522083991955995	136;137;138;139;140;197;211;213;232;233;234;235;
G	8	GLY	-0.18484572061086518	0.4337394795982786	B	125	True	0.5938499098873414	0.37661745043803774	37.70396385999788	135;136;137;138;139;197;198;234;235;236;
G	9	GLY	-0.21892509883792255	0.18114184720207827	B	126	True	0.4858274596645152	0.3172051028154833	31.756068973573946	135;136;137;138;209;210;211;233;234;235;236;237;
G	10	GLY	-0.27031209156312364	-0.34075523507590105	B	127	True	0.5087454200984461	0.32980998105414533	33.0179698042907	135;137;208;234;235;236;237;
L	11	LEU	-0.23717233628593912	-0.22415325740376976	B	128	True	1.0	0.7149727328224911	148.64476158017453	135;208;235;236;237;238;
V	12	VAL	-0.010649064371856535	-0.23653872998346467	B	129	True	0.16545700700235375	0.14100135385129456	25.162988807218948	133;134;135;203;204;208;236;237;238;
Q	13	GLN	-0.021155495650203207	-0.23653872998346578	B	130	True	1.0	0.6308641129456025	131.46432150927433	134;135;202;203;204;237;238;
P	14	PRO	0.043304792562611466	-0.265943857382032	B	131	True	1.0	0.6263428796053823	103.54644114777015	201;202;203;204;205;237;238;239;
G	15	GLY	0.36519924869112425	-0.2493473241252392	B	132	True	0.8743647571892016	0.5309006164540608	53.14957560451059	200;201;202;203;204;238;
G	16	GLY	0.1963320421157461	0.5055326961057132	B	133	True	0.3093456136686877	0.22014008751777822	22.038686455588564	129;200;201;202;203;204;238;
S	17	SER	0.23218942094808373	0.17569392260156513	B	134	True	0.7977265579473203	0.4887496068710261	66.23954996978055	129;130;184;185;199;200;201;202;203;
L	18	LEU	0.009264549201634375	0.05240378973639763	B	135	True	0.19394651058066778	0.15667058081936727	32.57223676291467	125;126;127;128;129;130;185;198;199;200;201;202;203;236;
R	19	ARG	-0.036553428635542874	-0.5379200973882104	B	136	True	0.756544892995137	0.4660996911473253	127.2511817592665	124;125;126;185;186;187;197;198;199;200;201;
L	20	LEU	-0.0	-0.731641010588414	B	137	True	0.0	0.0	0.0	123;124;125;126;127;153;187;196;197;198;199;200;211;212;213;234;235;236;
S	21	SER	-0.1367939611979624	-0.8934797018741119	B	138	True	0.24026527956800464	0.18214590376240253	24.68597933265315	122;123;124;125;126;187;188;189;195;196;197;198;199;213;234;
C	22	CYS	-0.0	-0.512506592460939	B	139	True	0.0	0.0007818954897209208	0.12134462854670991	120;121;122;123;124;125;153;189;194;195;196;197;198;212;213;214;231;233;234;
A	23	ALA	-0.005353462546020042	-0.5920252709042558	B	140	True	0.6821050370806692	0.425157770394368	55.08497130026774	120;121;122;123;124;146;190;193;194;195;196;197;213;231;
A	24	ALA	-0.017538568379176264	-0.880384769229636	B	141	True	0.0465570059282076	0.07560635326051418	9.795831311303957	119;120;121;122;123;145;146;193;194;195;196;213;214;215;231;
S	25	SER	-0.359958078155109	-1.1242275642581794	B	142	True	0.6651861683683804	0.41585239260260914	56.359892576081975	118;119;120;121;122;146;193;194;195;
G	26	GLY	-0.46966153967721125	-1.265215205155291	B	143	True	0.9528992859847233	0.5740946072915978	57.47381673463716	118;119;120;121;
F	27	PHE	-0.1195056749150556	-1.1132848919333487	B	144	True	0.2330789497722874	0.17819342237475805	40.94512421919177	118;119;120;148;149;194;
T	28	THR	-0.48282100361063135	-1.1928119011602558	B	145	True	0.896061468761579	0.5428338078188684	88.4062396416656	119;141;149;191;194;
F	29	PHE	-0.0	-1.344742214382197	B	146	True	0.0	0.015303667550009335	3.5164629563403498	140;141;142;150;151;170;189;190;191;192;193;194;195;196;215;
S	30	SER	-0.5324537099389003	-1.6179901368093077	B	147	True	0.5632349838608826	0.35977924112348536	48.7603768585284	169;170;171;172;189;190;191;192;194;195;219;
T	31	THR	-1.0390871236591028	-1.6179901368093077	B	148	True	0.8756978903206897	0.5316338396763792	86.58220610999892	144;169;170;171;191;218;219;220;
A	32	ALA	-0.0	-1.3392926064471318	B	149	True	0.0	0.03967304680574589	5.140182767120939	144;145;168;169;170;171;215;216;217;218;219;220;221;
T	33	THR	-0.0	-1.3017964210618145	B	150	True	0.0	0.0	0.0	146;167;168;169;170;171;172;173;214;215;216;217;218;219;220;221;222;225;226;227;
F	34	PHE	-0.0	-1.918770629614395	B	151	True	0.0	0.0014448497218294784	0.33199626871722787	146;166;167;168;169;170;172;174;175;187;188;189;196;213;214;215;216;217;219;220;225;226;227;229;230;
G	35	GLY	-0.0	-1.2193648115359508	B	152	True	0.0	0.0	0.0	164;165;166;167;168;169;174;175;177;187;196;197;198;212;213;214;215;216;225;227;230;337;
W	36	TRP	-0.0	-1.087233588596405	B	153	True	0.0	0.0	0.0	137;139;163;164;165;166;167;168;177;187;196;197;198;211;212;213;214;215;230;233;
V	37	VAL	-0.0	-0.9923485933706758	B	154	True	0.0	0.0	0.0	162;163;164;165;166;167;178;179;209;210;211;212;213;214;227;230;233;284;337;338;339;
R	38	ARG	0.0	-0.16269328975366593	B	155	True	0.0	0.00026191586333370817	0.07150638321315302	160;161;162;163;164;165;166;179;206;207;208;209;210;211;212;213;233;234;235;236;
Q	39	GLN	0.07168286764771638	-0.1460967564968742	B	156	True	0.16164261402875987	0.13890343771581792	28.94576790769255	160;161;162;163;164;165;205;206;207;208;209;210;211;212;233;235;283;
A	40	ALA	0.11476982547520014	0.8971322883432811	B	157	True	0.1549077053312312	0.13519923793217714	17.51689998374943	161;162;163;205;206;207;208;209;210;211;235;236;237;239;240;241;
P	41	PRO	1.4779449671858056	1.5601081575512217	B	158	True	0.9844883894793759	0.5914686142136567	97.78105898004893	205;208;209;210;237;
G	42	GLY	0.7464603673181905	0.673163151688783	B	159	True	1.0	0.8896933543706588	89.06907006209083	209;
K	43	LYS	1.2055588189555824	1.082104724039944	B	160	True	0.9451670520493473	0.569841878627141	140.06895726056285	155;156;209;341;342;
G	44	GLY	0.16581508084482155	0.5313537117527902	B	161	True	0.25672359538464656	0.19119797746155562	19.141231039429	155;156;157;242;326;327;328;339;340;341;342;343;
L	45	LEU	0.0	-0.2408651489205715	B	162	True	0.0	0.04011281853645973	8.339563278340027	154;155;156;157;209;210;211;212;278;284;328;329;330;338;339;340;341;342;
E	46	GLU	0.07685937523092386	-0.25132050327220545	B	163	True	0.1081832069560483	0.10950076382582656	21.492766123427707	153;154;155;156;157;177;178;179;206;209;211;241;242;243;330;337;338;339;340;341;
W	47	TRP	-0.0	-0.512797350160122	B	164	True	0.0	0.0	0.0	152;153;154;155;156;176;177;178;179;211;212;242;330;336;337;338;339;
V	48	VAL	-0.0	-1.0883500647751283	B	165	True	0.0	0.0	0.0	152;153;154;155;156;175;176;177;178;179;180;182;185;186;187;198;206;207;211;212;336;337;338;
S	49	SER	-0.0	-0.9264488052311057	B	166	True	0.0	0.04009286930700558	5.4337304471614365	151;152;153;154;155;174;175;176;177;178;179;182;185;186;187;188;198;335;336;337;
G	50	GLY	-0.0	-1.543692256886936	B	167	True	0.0	0.0	0.0	150;151;152;153;154;172;173;174;175;176;177;186;187;188;196;198;213;214;215;216;222;225;335;336;337;
I	51	ILE	-0.0	-0.9013281828409591	B	168	True	0.0	0.044400280283067826	9.04587334335871	149;150;151;152;153;172;173;174;175;176;187;188;189;196;215;216;221;222;
T	52	THR	-0.0	-0.2383523136330196	B	169	True	0.0	0.04980701373587518	8.111600141232874	147;148;149;150;151;152;173;174;175;189;215;216;218;219;220;221;222;225;
A	53	ALA	-0.21982368450594966	-0.4752592440169335	B	170	True	0.4090725246578241	0.27498988856180323	35.62867992566605	146;147;148;149;150;151;174;189;191;218;219;220;221;
S	54	SER	-1.1116181924471757	-1.150620585804569	B	171	True	1.0	0.7338007369726618	99.4509865608731	147;148;149;150;219;221;
G	55	GLY	-0.4941249648671926	-1.02247867101459	B	172	True	0.5282515796253041	0.3405383687939172	34.092011230533515	147;150;151;167;168;187;188;189;
T	56	THR	-0.29408875334592943	-0.6578228376368195	B	173	True	0.569992199252051	0.36349570958862804	59.19912936102972	150;167;168;169;188;221;222;
V	57	VAL	-0.3142188625735724	-0.5058925244148771	B	174	True	0.7899191082266133	0.48445550952463723	86.45554266535915	151;152;166;167;168;169;170;186;187;188;222;335;
L	58	LEU	-0.0	-0.46410192443661485	B	175	True	0.0	0.014797254987512163	3.0763892644922453	151;152;165;166;167;168;169;187;221;222;223;334;335;336;337;
P	59	PRO	-0.685279964282766	-1.1394632662242492	B	176	True	0.6820705024886353	0.42513877636874936	70.28355988438291	164;165;166;167;168;182;222;334;335;336;337;
S	60	SER	-0.34205495620625775	-1.05448664906228	B	177	True	0.3730994020567255	0.255204671131199	34.58753179187182	152;153;163;164;165;166;167;181;182;183;185;335;336;337;338;
G	61	GLY	-0.0	-0.5403109442063617	B	178	True	0.0	0.03076246271962122	3.0796947440329916	154;163;164;165;166;182;241;242;243;335;336;337;338;339;
V	62	VAL	-0.0	-0.2757218417114039	B	179	True	0.0	0.045790132393541336	8.171670394845473	154;155;163;164;165;166;183;184;185;206;207;240;241;242;336;338;
A	63	ALA	-0.05759543985273954	0.045245860471836916	B	180	True	0.3270286597371326	0.2298657628554229	29.782235752294874	165;184;204;206;207;240;241;242;
H	64	HIS	0.2576306533735542	0.4481706250580365	B	181	True	0.6024410615457108	0.38134258385014086	80.90221050639124	177;185;202;203;204;206;240;241;
A	65	ALA	0.13706615025216368	-0.2991181625914883	B	182	True	0.41208804749062083	0.2766484261198414	35.84356602242069	165;166;176;177;178;186;200;
E	66	GLU	-0.03884882413998283	-0.24810273056767346	B	183	True	1.0	0.699809759693038	137.35837970864563	177;179;200;201;202;
R	67	ARG	-0.0021253338183648725	-0.6296868225308819	B	184	True	0.014418350102434085	0.05793009255633875	15.815656773065202	134;179;180;199;200;201;202;203;204;
F	68	PHE	-0.0046211609116759405	-0.489236482191944	B	185	True	0.06509381902764247	0.08580160046520335	19.71541453345401	134;135;136;165;166;177;179;181;198;199;200;201;202;203;
T	69	THR	0.0825873301333386	0.13547266096567742	B	186	True	0.7911694344084826	0.4851431889246654	79.01071083418437	136;165;166;167;174;182;197;198;199;200;201;
I	70	ILE	-0.0	0.09398782246975095	B	187	True	0.0	0.03482715529109268	7.095496552368651	136;137;138;151;152;153;165;166;167;168;172;174;175;196;197;198;199;200;
S	71	SER	-0.1717598502944922	-0.24125926356889063	B	188	True	0.5346433163779953	0.3440538240078974	46.62913309243673	138;151;166;167;168;172;173;174;195;196;197;198;199;
R	72	ARG	0.033554245498144966	0.44528915105543965	B	189	True	0.1676274964206807	0.14219512303137438	38.82108868514001	138;139;146;147;151;168;169;170;172;193;194;195;196;197;198;
D	73	ASP	0.34681014607035776	1.4160762496038861	B	190	True	0.25182719649348023	0.1885049580714141	31.510300286259508	140;146;147;194;195;196;197;
N	74	ASN	1.054738071726273	2.0976500503788174	B	191	True	0.6555278360622375	0.41054030983423057	72.77935450648289	145;146;147;148;170;195;196;
S	75	SER	1.765494726817634	1.8546742384308528	B	192	True	1.0	0.7627367275189934	103.37264084923065	146;147;
K	76	LYS	0.9868964761227261	1.0057526333880797	B	193	True	0.9240765439620864	0.5582420991791475	137.2176943529518	140;141;142;146;189;
N	77	ASN	0.0019595871865768885	0.12970589980495525	B	194	True	0.5352129382682261	0.34436711604752435	61.04836923155697	121;139;140;141;142;144;145;146;147;189;190;
T	78	THR	0.0443720111818516	-0.4134460439388527	B	195	True	0.06376904734030728	0.085072976037169	13.855035921198967	121;122;123;138;139;140;141;142;146;147;188;189;190;191;
L	79	LEU	0.0	-0.4889797608298775	B	196	True	0.0	0.0007922213013755188	0.16470494755348408	121;122;123;137;138;139;140;141;146;151;152;153;167;168;187;188;189;190;191;213;214;215;
Y	80	TYR	-0.12571185713728916	-1.2185814691313896	B	197	True	0.16443192051314923	0.14043755628223206	34.56071358191896	123;124;125;136;137;138;139;140;152;153;186;187;188;189;190;213;
L	81	LEU	-0.0	-1.2297283944531159	B	198	True	0.0	0.0	0.0	125;135;136;137;138;139;152;153;165;166;167;185;186;187;188;189;211;213;
Q	82	GLN	-0.15406952579570982	-0.9982710720042675	B	199	True	0.37820416636455656	0.2580122915005061	53.76658799752001	134;135;136;137;138;184;185;186;187;188;
M	83	MET	-0.0	-0.9925737546176066	B	200	True	0.0	0.0	0.0	132;133;134;135;136;137;182;183;184;185;186;187;204;207;
N	84	ASN	0.3100147868113119	-0.01047946244437	B	201	True	0.4441107352239903	0.29426090437319463	52.16569034456682	131;132;133;134;135;136;183;184;185;186;207;
S	85	SER	0.2728630349973165	0.2522518191636349	B	202	True	0.7014561814083046	0.43580089977456743	59.06348582518744	130;131;132;133;134;135;181;183;184;185;
L	86	LEU	0.0	0.6711017695785514	B	203	True	0.0	0.010270675093961781	2.135301082857408	129;130;131;132;133;134;135;181;184;185;207;208;236;237;238;239;
R	87	ARG	0.5025714343580576	1.4480661880058465	B	204	True	0.43440525741375635	0.28892289157756595	78.87964761368771	129;130;131;132;133;180;181;184;200;208;209;236;237;238;239;240;
A	88	ALA	0.09490454211587818	1.1327062179300393	B	205	True	0.13370904515846893	0.12353997483715791	16.006283883811594	131;156;157;158;209;236;237;238;239;240;241;
E	89	GLU	0.0	1.000592660835609	B	206	True	0.0	0.04526468046436878	8.884533375674119	155;156;157;163;165;179;180;181;236;237;238;239;240;241;242;
D	90	ASP	0.0	0.8106655196926664	B	207	True	0.0	0.0	0.0	155;156;157;165;179;180;200;201;203;211;235;236;237;238;239;240;241;
T	91	THR	-0.034777265254560916	-0.10281325438905935	B	208	True	0.14858113239420195	0.13171962281681107	21.45193680371954	127;128;129;155;156;157;158;203;204;235;236;237;238;239;240;
A	92	ALA	-0.0	-0.5129605165941767	B	209	True	0.0	0.0	0.0	126;154;155;156;157;158;159;160;162;163;204;205;233;234;235;236;237;238;
V	93	VAL	-0.6450181222813538	-1.5635917957361065	B	210	True	0.36239847801573555	0.24931916290865455	44.493298357348166	126;154;155;156;157;158;162;232;233;234;235;236;237;283;
Y	94	TYR	-0.0	-2.167093867474528	B	211	True	0.0	0.0	0.0	123;124;126;137;153;154;155;156;157;162;163;164;165;198;207;231;232;233;234;235;236;283;
Y	95	TYR	-0.0	-1.474376204589116	B	212	True	0.0	0.04391221283024628	10.80649258325508	121;122;123;137;139;152;153;154;155;156;162;164;165;230;231;232;233;234;235;283;284;
C	96	CYS	-0.0	-1.425205878447725	B	213	True	0.0	0.0	0.0	121;122;123;124;137;138;139;140;141;151;152;153;154;155;167;196;197;198;227;229;230;231;232;233;234;283;
A	97	ALA	-0.0	-0.776277150639531	B	214	True	0.0	0.0	0.0	120;121;122;123;139;141;150;151;152;153;154;167;196;226;227;228;229;230;231;232;233;283;284;
R	98	ARG	0.018154174944427545	-0.20250567360286972	B	215	True	0.24509251256206907	0.184800881909138	50.45300621248311	119;120;121;141;146;149;150;151;152;153;167;168;169;196;219;225;226;227;228;229;230;231;
A	99	ALA	0.0	0.3712658034337915	B	216	True	0.0	0.008598400257227535	1.1140396915673256	149;150;151;152;167;168;169;220;221;224;225;226;227;228;229;230;
S	100	SER	0.18700840948351027	0.9516813124946452	B	217	True	0.20786357049050716	0.16432496376977893	22.27073228476886	85;86;87;105;107;149;150;151;221;224;225;226;227;228;229;
G	101	GLY	0.1244323046847914	1.2000252830838147	B	218	True	0.11801643552676039	0.1149090395397182	11.503785257304223	3;4;5;82;85;86;87;105;106;107;108;109;148;149;150;169;170;224;225;226;227;228;
G	102	GLY	-0.07568487988589138	0.17924104504474042	B	219	True	0.15828861127048635	0.1370587361987675	13.721237904204632	3;4;5;85;86;105;106;107;108;109;147;148;149;150;151;169;170;171;215;224;225;
G	103	GLY	-0.0	0.20484045666859715	B	220	True	0.0	0.018667390290288063	1.8688316434803476	3;4;5;6;82;85;86;105;106;107;108;109;110;148;149;150;151;169;170;216;224;225;226;
P	104	PRO	1.3045093519790381e-05	0.6410542291862547	B	221	True	0.0026526094836597995	0.05145893521601289	8.507144856869557	5;6;7;8;107;108;109;110;111;149;150;168;169;170;171;173;175;216;217;225;335;
I	105	ILE	-0.04629285789872811	0.22918973566495027	B	222	True	0.300832413821274	0.21545782760170068	43.89621432330145	7;8;107;108;109;110;111;112;150;167;168;169;173;174;175;176;332;333;334;335;336;337;
H	106	HIS	-0.019130467744177006	-0.36840355332672664	B	223	True	0.11821539529790646	0.11501846741384855	24.401282880315385	7;8;81;82;107;108;109;110;111;112;175;272;331;332;333;334;335;336;337;
D	107	ASP	-0.0	-0.8059059750879994	B	224	True	0.0	0.011547186675565724	1.9302161775008908	7;8;81;82;83;84;85;107;108;109;110;111;216;217;218;219;220;272;273;274;289;290;331;332;333;334;335;337;
L	108	LEU	-0.0	-0.46834173964796805	B	225	True	0.0	0.0	0.0	82;85;107;108;109;110;150;151;152;167;169;215;216;217;218;219;220;221;272;273;274;289;330;331;332;333;334;335;336;337;
T	109	THR	0.0	-0.032795503853401624	B	226	True	0.0	0.025618052736641223	4.172171439521032	82;83;85;86;150;151;214;215;216;217;218;220;272;273;274;275;286;288;289;290;330;331;332;337;
L	110	LEU	-0.0	-0.5868520771209597	B	227	True	0.0	0.0	0.0	150;151;152;154;213;214;215;216;217;218;274;275;276;284;285;286;289;330;
E	111	GLU	-0.17302396953362334	-0.9688897770806599	B	228	True	0.38756142039087105	0.26315878121497904	51.652700313363596	214;215;216;217;218;276;284;285;286;287;288;289;296;297;
H	112	HIS	-0.04173344983953081	-0.6243122912066753	B	229	True	0.3936199981628036	0.2664909989895419	56.53633192663032	119;120;121;151;213;214;215;216;217;283;284;285;286;
W	113	TRP	0.023203714942264298	-0.0267190022149962	B	230	True	0.08391247953532983	0.09615186374443141	25.930792295407976	119;120;121;122;123;151;152;153;154;212;213;214;215;216;283;284;285;286;
G	114	GLY	0.0	0.11734717681426285	B	231	True	0.0	0.0025271791294965125	0.2530012097300678	119;120;121;122;123;139;140;141;211;212;213;214;215;282;283;284;
Q	115	GLN	-0.4408036079982135	-0.7657239245944939	B	232	True	1.0	0.6448654561267344	134.38202921170108	120;121;122;123;124;210;211;212;213;214;281;282;283;284;
G	116	GLY	-0.30011290056282	-1.2895602980625733	B	233	True	0.2959127483329656	0.21275201158313106	21.299050658811574	121;122;123;124;126;139;153;154;155;156;209;210;211;212;213;214;282;283;284;
T	117	THR	-0.11863840207980468	-0.8744424857883469	B	234	True	0.12255583803045085	0.11740571091674797	19.120764523328123	122;123;124;125;126;127;137;138;139;155;209;210;211;212;213;
L	118	LEU	-1.1481354805450878	-1.5498038275759825	B	235	True	0.7977024244604258	0.48873633345323414	101.6096033130277	123;124;125;126;127;128;137;155;156;157;207;208;209;210;211;212;
V	119	VAL	-0.0	-1.4862840190872593	B	236	True	0.0	0.00046310655812074154	0.08264562587698104	125;126;127;128;129;135;137;155;157;203;204;205;206;207;208;209;210;211;
T	120	THR	-0.5590290625251305	-1.5114780858087298	B	237	True	0.5543755244148552	0.35490653842817027	57.80029179233487	126;127;128;129;130;131;157;158;203;204;205;206;207;208;209;210;
V	121	VAL	-0.04301286114320821	-0.8561924634219221	B	238	True	0.37461906250416893	0.2560404843772929	45.69278000958419	128;129;130;131;132;133;203;204;205;206;207;208;209;
S	122	SER	-0.1877813031859231	-0.9529991325852685	B	239	True	0.8215546983373357	0.5018550840855346	68.0157169489948	131;157;203;204;205;206;207;208;
S	123	SER	-0.4478137150249851	-0.7072935658291856	B	240	True	0.9439209605342375	0.5691565282938306	77.13698746052326	157;179;180;181;204;205;206;207;208;
D	124	ASP	-0.49003537514871753	-0.811261136080706	B	241	True	0.8403072374495751	0.5121689805972662	85.61365462765842	157;163;178;179;180;181;205;206;207;
I	125	ILE	-0.2809204628154216	-0.40914771672018346	B	242	True	0.7596571591487296	0.4678114375318012	95.3093761009665	161;163;164;178;179;180;206;338;339;340;341;
Q	126	GLN	-0.3743546010187786	-0.4701904306929649	B	243	True	1.0	0.679492617084738	141.59790364126926	163;178;265;266;338;339;340;341;
M	127	MET	-0.04789501939441061	-0.5015256763195932	B	244	True	0.15728901425663985	0.1365089578411519	29.477744356218345	263;264;265;266;329;330;331;338;339;340;341;342;
T	128	THR	-0.4262924832241915	-0.7921554653286306	B	245	True	0.7633900381823667	0.4698645210003016	76.52241780882173	249;262;263;264;265;266;311;328;329;330;339;340;341;342;343;
Q	129	GLN	-0.0	-0.268301728755643	B	246	True	0.0	0.024497496512858426	5.104976954072588	250;261;262;263;264;265;311;312;313;327;328;329;330;339;340;341;342;343;
S	130	SER	0.06755179564623548	0.11708635178170572	B	247	True	0.735094503650268	0.4543019770076473	61.570910921078635	251;260;261;262;263;264;313;340;341;342;343;
P	131	PRO	-0.0028016876598403557	0.03475328150720798	B	248	True	0.422295762749679	0.2822626695123234	46.66341048737475	260;261;262;263;341;342;343;344;345;
S	132	SER	0.2888534347985756	0.2662106039560554	B	249	True	0.9084126752634909	0.5496269713949199	74.49017395539354	245;261;262;326;327;340;341;342;343;344;345;
S	133	SER	0.13502979409660648	0.16541462664314005	B	250	True	0.7457508390281846	0.4601629614655015	62.365241939273375	246;261;326;327;342;343;344;345;346;
L	134	LEU	0.08825450172303705	0.17086423457820546	B	251	True	0.3769849279287315	0.2573417103608023	53.502036406628775	247;259;260;261;324;326;343;344;345;346;347;348;
S	135	SER	-0.29489960840771373	-0.5889691535154624	B	252	True	0.8956565920620522	0.5426111256341286	73.53932620161757	259;324;344;345;346;347;348;
A	136	ALA	-0.0	-0.5429674928601034	B	253	True	0.0	0.03324634904386274	4.307516668979415	257;258;259;319;324;345;346;347;348;
S	137	SER	0.030736930628735344	-0.13573572617893254	B	254	True	0.4874639879898048	0.3181051933943926	43.11235151347128	258;259;318;319;320;321;324;346;347;348;
V	138	VAL	0.6703369305440688	0.6794973934470694	B	255	True	0.6937550077622134	0.4315652542692173	77.01679002468111	318;319;320;321;322;323;324;347;348;
G	139	GLY	0.07413903203820714	0.024499784074825517	B	256	True	0.6911428592297967	0.43012857257638815	43.06107467062463	316;317;318;319;320;321;
D	140	ASP	0.05966244930045258	-0.4115748204238559	B	257	True	0.5693504724094594	0.3631427598252026	60.702580589621036	253;316;317;318;319;320;
R	141	ARG	-0.21043175706529038	-0.9465754823185698	B	258	True	1.0	0.6461874233800589	176.41743778177536	253;254;302;315;316;317;318;319;
V	142	VAL	0.0	-0.5221682123145935	B	259	True	0.0	0.020484812726258052	3.655703291277831	251;252;253;254;303;314;315;316;317;318;319;345;
T	143	THR	-0.04204809662252987	-1.0744686986195382	B	260	True	0.5834609664526967	0.37090353154898315	60.40557169018633	247;248;251;303;304;305;313;314;315;316;317;
I	144	ILE	0.0	-0.9653247718845012	B	261	True	0.0	0.0019664454672534307	0.4006329806926908	246;247;248;249;250;251;305;312;313;314;315;316;327;328;329;342;343;344;345;
T	145	THR	-0.4999525983497437	-1.5372718018526226	B	262	True	0.5793984499153907	0.36866914745346485	60.04167855575976	245;246;247;248;249;305;306;307;311;312;313;314;315;329;343;
C	146	CYS	-0.0	-0.8980037426565907	B	263	True	0.0	0.00592224719701757	0.9190907170220282	244;245;246;247;248;273;275;307;310;311;312;313;314;328;329;330;331;339;340;341;342;343;
R	147	ARG	0.3174067732211812	-0.3779774035533778	B	264	True	0.8750985815421585	0.5313042198481871	145.05285271256915	244;245;246;247;268;269;273;307;308;309;310;311;312;313;329;331;340;
A	148	ALA	0.0	0.1570232583413361	B	265	True	0.0	0.0287755152495301	3.7282593475840184	243;244;245;246;269;270;272;273;308;309;310;311;312;329;330;331;340;
S	149	SER	0.6099706819504748	-0.1618780671033513	B	266	True	1.0	0.9002545694910244	122.01024144672127	243;244;245;309;310;311;
Q	150	GLN	0.2504966305680864	0.35531997441636515	B	267	True	0.6380940761686169	0.40095174189273924	83.55341130402158	309;310;311;333;
S	151	SER	0.24801375270886725	-0.11262852121323384	B	268	True	0.6474120775181292	0.406076642634971	55.03499886901794	264;272;308;309;310;311;333;
I	152	ILE	0.0	-0.5092756183064822	B	269	True	0.0	0.022574300886525487	4.599166161395916	81;264;265;273;291;308;309;310;311;312;331;332;333;334;
S	153	SER	-0.01540641403983168	-0.9339694459259816	B	270	True	0.3028653937026252	0.21657596653644387	29.35223753833109	8;9;79;80;81;82;265;290;291;292;307;308;309;310;311;331;332;333;
S	154	SER	-0.0	-0.7631384466346763	B	271	True	0.0	0.03584568767636855	4.858115866815483	8;80;81;82;83;84;289;290;291;292;293;306;307;308;309;310;311;312;331;332;333;
Y	155	TYR	-0.0	-1.4220990539374472	B	272	True	0.0	0.006377965686416528	1.5695733474638711	8;81;82;83;223;224;225;226;265;268;289;290;291;292;307;308;309;310;312;330;331;332;333;334;337;
L	156	LEU	-0.0	-1.4081800532310005	B	273	True	0.0	0.0	0.0	81;82;83;224;225;226;263;264;265;269;288;289;290;291;292;293;305;306;307;308;309;310;311;312;313;329;330;331;332;333;337;338;339;
N	157	ASN	-0.0	-1.4469289165603303	B	274	True	0.0	5.744590689768453e-05	0.01018383803710082	82;83;224;225;226;227;286;287;288;289;290;291;292;293;294;305;312;314;328;329;330;331;332;339;
W	158	TRP	-0.0	-1.4814667192125646	B	275	True	0.0	0.006127472700805643	1.6524923772949303	226;227;263;284;285;286;287;288;289;290;291;293;295;296;304;305;313;314;327;328;329;330;331;339;340;
Y	159	TYR	-0.0	-0.5444098106828926	B	276	True	0.0	0.0	0.0	227;228;283;284;285;286;287;288;289;325;326;327;328;329;330;339;342;
Q	160	GLN	0.0007007574675590909	0.044817773492155925	B	277	True	0.02208010271597958	0.06214405649378877	12.950057001410705	282;283;284;285;286;287;288;323;324;325;326;327;328;329;342;343;344;
Q	161	GLN	0.04429695088068687	-0.012032986526378261	B	278	True	0.04545265793142525	0.07499896186228389	15.628861164869056	162;282;283;284;285;286;323;324;325;326;327;328;342;344;
K	162	LYS	0.5088340403480743	1.0520036522476643	B	279	True	0.46721428519153807	0.3069678568553459	75.45368151218595	283;284;285;322;323;324;325;326;327;344;345;
P	163	PRO	1.5199965159115396	1.4757749342904476	B	280	True	1.0	0.6996403674954005	115.66391587800886	284;324;325;326;
G	164	GLY	1.7133022022721625	1.6767043143851883	B	281	True	1.0	0.8311459704373358	83.20776850701961	232;325;
K	165	LYS	1.6277532409497002	2.0961298282037935	B	282	True	0.8400281368629159	0.5120154752746037	125.85504227201845	231;232;233;277;278;325;
A	166	ALA	0.1853764156400749	1.315530295254412	B	283	True	0.1609293134666859	0.13851112240667723	17.945999659049768	156;210;211;212;213;214;229;230;231;232;233;276;277;278;279;
P	167	PRO	0.0	0.7534268960288948	B	284	True	0.0	0.03329018552321047	5.503503509530184	154;162;212;214;227;228;229;230;231;232;233;275;276;277;278;279;280;325;326;327;328;
K	168	LYS	0.11811727649179135	0.1274653080145279	B	285	True	0.6349507035972879	0.3992228869785083	98.13026313255567	227;228;229;230;275;276;277;278;279;296;299;327;328;
L	169	LEU	-0.0	-0.8095916005151451	B	286	True	0.0	0.002437362221987606	0.5067341868292227	226;227;228;229;230;274;275;276;277;278;295;296;297;299;327;328;329;
L	170	LEU	0.0	-0.6423755986354889	B	287	True	0.0	0.022250071437777432	4.6258499271068105	228;274;275;276;277;293;294;295;296;297;298;299;300;303;304;305;314;327;328;
I	171	ILE	-0.0	-0.777504227792474	B	288	True	0.0	0.0010098400190156375	0.2057393523381433	83;226;228;273;274;275;276;277;292;293;294;295;296;297;299;303;304;305;306;314;329;
Y	172	TYR	-0.029665032093136184	-1.1407896592854858	B	289	True	0.04695409285153865	0.07582475106834626	18.65994804713764	82;83;84;85;86;224;225;226;227;228;271;272;273;274;275;276;293;294;295;296;305;329;330;332;
G	173	GLY	-0.0	-0.7032872375242107	B	290	True	0.0	0.0037963069064604173	0.38005625665025594	81;82;83;84;85;224;226;270;271;272;273;274;275;294;295;305;306;307;308;330;331;332;
G	174	GLY	0.0	-0.45529466828604676	B	291	True	0.0	0.017858957981368242	1.7878977873265354	81;82;83;269;270;271;272;273;274;275;304;305;306;307;308;309;311;312;313;314;329;330;331;
G	175	GLY	0.02588276761327859	-0.33260236143113414	B	292	True	0.845958600552673	0.5152772303039701	51.58548560791408	81;82;83;84;270;271;272;273;274;288;304;305;306;307;308;312;313;
G	176	GLY	0.02956517045471418	0.0730476140291803	B	293	True	0.18916340939978424	0.15403987516988132	15.421255386994677	83;271;273;274;275;287;288;289;303;304;305;306;307;312;313;314;315;
A	177	ALA	0.03749311646925586	0.16445552497984106	B	294	True	0.15258015847602202	0.1339190871618121	17.35103904139816	34;83;84;274;287;288;289;290;303;304;305;306;
L	178	LEU	0.11067505985745409	0.16445552497984106	B	295	True	0.35495345838186554	0.245224402110026	50.982815304560106	34;35;275;286;287;288;289;290;299;300;301;302;303;304;305;
H	179	HIS	-0.006939170252026458	-0.5054562088727279	B	296	True	0.158217268484346	0.1370194976663903	29.068823449422368	34;35;228;275;285;286;287;288;289;300;
P	180	PRO	0.16655131226263634	-0.4016628253423733	B	297	True	0.505955783014206	0.3282756806578132	54.27024007823708	34;35;36;37;38;228;286;287;288;
G	181	GLY	0.28174673316191234	-0.2331359788636381	B	298	True	1.0	0.7284506417215766	72.92672348909464	34;35;38;287;
V	182	VAL	0.04015215432759235	0.6471208718057643	B	299	True	0.06063604183852283	0.08334982301118755	14.874542734718123	285;286;287;288;295;303;304;
P	183	PRO	0.08112629611895086	0.12071569892208635	B	300	True	0.55891708776338	0.357404398269859	59.08577345801464	287;295;296;304;316;
S	184	SER	0.4871356161515872	-0.0025744339430811693	B	301	True	1.0	0.778483831546946	105.50682381219343	295;316;317;318;
R	185	ARG	0.05871661430323766	-0.0025744339430811693	B	302	True	0.1858103709021844	0.15219570399620141	41.55137529597414	258;295;315;316;317;318;319;320;
F	186	PHE	0.0	0.6309963078662921	B	303	True	0.0	0.018878035915301766	4.337778102385716	259;260;287;288;293;294;295;299;314;315;316;317;318;319;323;
S	187	SER	0.2550696779505085	0.5296800188518758	B	304	True	0.577007234580815	0.3673539790194482	49.786970480935196	260;275;287;288;291;292;293;294;295;299;300;313;314;315;316;317;
G	188	GLY	0.05679955867300134	0.492895165290181	B	305	True	0.15272462809716986	0.13399854545344342	13.414875782289672	260;261;262;273;274;275;287;288;289;290;291;292;293;294;295;312;313;314;315;316;
S	189	SER	-0.04802167028775877	0.05435179705914823	B	306	True	0.7356109396825581	0.4545860168254069	61.609406439923845	262;271;273;288;290;291;292;293;294;311;312;313;314;315;
G	190	GLY	0.18553950386544651	0.5069657947186895	B	307	True	0.473066209411081	0.3101864151760945	31.053413414750693	262;263;264;270;271;272;273;290;291;292;293;311;312;313;314;
S	191	SER	0.9050236494612578	0.943179567236347	B	308	True	0.9717947706891725	0.5844871238790449	79.21472161735353	264;265;268;269;270;271;272;273;290;291;292;312;313;
G	192	GLY	0.10205685344279602	0.2541025007113909	B	309	True	0.3209914312032989	0.2265452871618144	22.67992444287228	264;265;266;267;268;269;270;271;272;273;291;
T	193	THR	0.1679267489660909	-0.31408566088172085	B	310	True	0.3734304655068227	0.25538675602875244	41.59244031889624	263;264;265;266;267;268;269;270;271;272;273;
D	194	ASP	0.019874912678611193	-0.7681846158997855	B	311	True	0.6605419469335124	0.4132980708134318	69.08649221910244	245;246;262;263;264;265;266;267;268;269;270;271;273;291;306;307;
F	195	PHE	-0.0	-1.3462811555566516	B	312	True	0.0	0.009855885158032186	2.2646764213159933	246;261;262;263;264;265;269;271;272;273;274;291;292;293;305;306;307;308;329;
T	196	THR	-0.32128515746604075	-1.9384304034284507	B	313	True	0.28628427439649545	0.2074563509180725	33.78646578432784	246;247;260;261;262;263;264;273;275;291;292;293;304;305;306;307;308;329;
L	197	LEU	-0.0	-1.7383083266062318	B	314	True	0.0	0.002102668907681876	0.4371505431131128	259;260;261;262;263;274;275;287;288;291;293;303;304;305;306;307;327;328;329;
T	198	THR	-0.12846235519853022	-2.1621366265441964	B	315	True	0.0923382573264313	0.10078604152953721	16.41407519512535	258;259;260;261;262;293;302;303;304;305;306;319;
I	199	ILE	-0.0	-1.901520586797333	B	316	True	0.0	0.001822650660844979	0.3713370033269875	256;257;258;259;260;261;300;301;302;303;304;305;320;323;
S	200	SER	-0.4233705783626723	-1.3691087751144242	B	317	True	0.6976469197227534	0.4337058058475143	58.77954067838543	256;257;258;259;260;301;302;303;304;
S	201	SER	0.0183440140464592	-0.8000695112442788	B	318	True	0.5288038395123884	0.34084211173181356	46.193854224056274	254;255;256;257;258;259;301;302;303;323;
L	202	LEU	0.0	0.2653863080383368	B	319	True	0.0	0.0	0.0	253;254;255;256;257;258;259;302;303;315;323;324;
Q	203	GLN	0.5836402679335071	1.2610001234327068	B	320	True	0.4208121184987005	0.28144666517428524	58.65002322833939	254;255;256;257;302;316;324;
P	204	PRO	0.6638333274332696	0.618172427014701	B	321	True	0.8814309276944685	0.5347870102319576	88.41050722323801	254;255;256;325;347;
E	205	GLU	0.3560727174567612	0.47615049185651626	B	322	True	0.6815720972958242	0.4248646535127033	83.392264245612	255;279;
D	206	ASP	0.0	0.6570015244474701	B	323	True	0.0	0.005436529781317841	0.9087648817153089	255;277;278;279;303;316;318;319;327;345;346;347;
F	207	PHE	0.09972571488561038	0.1662466052343405	B	324	True	0.2045946759755064	0.1625270717865285	37.34532428074391	251;252;253;254;255;277;278;279;280;319;320;344;345;346;347;
A	208	ALA	0.0	-0.5401764064433664	B	325	True	0.0	0.03638725847390026	4.714464202009024	276;277;278;279;280;281;282;284;321;342;343;344;345;346;347;
T	209	THR	-0.3361948095512283	-1.5908076855852962	B	326	True	0.2596767757410595	0.19282222665758272	31.40314352678992	161;249;250;251;276;277;278;279;280;284;341;342;343;344;345;346;
Y	210	TYR	-0.0	-2.0878164626241427	B	327	True	0.0	0.0	0.0	161;246;249;250;261;275;276;277;278;279;284;285;286;287;314;323;340;341;342;343;344;345;
Y	211	TYR	-0.0	-1.4962469568409595	B	328	True	0.0	0.02567106577988557	6.317472158075957	161;162;245;246;261;263;274;275;276;277;278;284;285;286;287;314;339;340;341;342;343;344;
C	212	CYS	-0.0	-1.3207842457175958	B	329	True	0.0	0.0	0.0	162;244;245;246;261;262;263;264;265;273;274;275;276;277;286;288;289;291;312;313;314;338;339;340;341;342;343;
Q	213	GLN	0.0	-0.615928819704083	B	330	True	0.0	0.0	0.0	162;163;164;225;226;227;244;245;246;263;265;272;273;274;275;276;289;290;291;337;338;339;340;341;342;
Q	214	GLN	0.017423858498161898	-0.0526126970190546	B	331	True	0.033498544960655054	0.06842419972836028	14.258761605733623	223;224;225;226;244;263;264;265;269;270;271;272;273;274;275;290;291;335;336;337;338;339;340;
S	215	SER	0.0	0.5310671580813622	B	332	True	0.0	9.415460818293521e-05	0.012760642230581754	82;110;222;223;224;225;226;269;270;271;272;273;274;289;290;336;337;338;339;
R	216	ARG	0.3648835290632473	0.6672920901879056	B	333	True	0.5226945222255	0.33748198722402495	92.13690228159528	8;9;81;82;108;109;110;111;112;222;223;224;225;267;268;269;270;271;272;273;337;338;
S	217	SER	0.26607783008283986	0.5920955244988471	B	334	True	0.4097549672933108	0.2753652320113209	37.31986438316951	110;111;112;114;175;176;222;223;224;225;269;272;338;
G	218	GLY	0.0	0.401864159895269	B	335	True	0.0	0.027968618317752693	2.7999971138886894	110;111;112;166;167;174;175;176;177;178;221;222;223;224;225;331;
L	219	LEU	-0.05156212225660308	-0.3135424058397501	B	336	True	0.337734722955371	0.23575409762545402	49.01391343239548	164;165;166;167;175;176;177;178;179;222;223;225;331;332;
H	220	HIS	-0.0	-0.7397003014910869	B	337	True	0.0	0.0	0.0	152;154;163;164;165;166;167;175;176;177;178;222;223;224;225;226;272;273;330;331;332;333;
T	221	THR	-0.0	-0.8019815627218403	B	338	True	0.0	0.04737662259794257	7.715785182274486	154;162;163;164;165;177;178;179;242;243;244;273;329;330;331;332;333;334;
F	222	PHE	-0.0	-0.8019815627218403	B	339	True	0.0	0.023633982922233374	5.430595325286155	154;161;162;163;164;178;242;243;244;245;246;263;273;274;275;276;328;329;330;331;332;
G	223	GLY	-0.0	-0.6154332127442266	B	340	True	0.0	0.008010997864037714	0.8019978192643299	161;162;163;242;243;244;245;246;247;249;263;264;265;275;327;328;329;330;331;
Q	224	GLN	0.37672711980861673	-0.10186136018962831	B	341	True	0.6801681413913913	0.42409247776526515	88.37565602880474	160;161;162;163;242;243;244;245;246;247;248;249;263;326;327;328;329;330;
G	225	GLY	0.0	-0.26252407247567905	B	342	True	0.0	0.03893850998059912	3.898216005028737	160;161;162;244;245;246;247;248;249;250;261;263;276;277;278;325;326;327;328;329;330;
T	226	THR	0.0	0.4716056507670702	B	343	True	0.0	0.0	0.0	161;245;246;247;248;249;250;251;261;262;263;277;325;326;327;328;329;
K	227	LYS	-0.05556656073405804	-0.12537393141080902	B	344	True	0.6704165244352428	0.4187290884393835	102.92494987148348	248;249;250;251;252;261;277;278;279;324;325;326;327;328;
L	228	LEU	0.0	0.3154784499706668	B	345	True	0.0	0.02235111684866654	4.646857540853265	248;249;250;251;252;253;259;261;279;323;324;325;326;327;
E	229	GLU	0.06479294607860756	0.22755171154025683	B	346	True	0.5262799742971073	0.33945398586340897	66.62789256367556	250;251;252;253;254;323;324;325;326;
I	230	ILE	0.4500478039854821	0.435576886984743	B	347	True	0.9909796411975398	0.5950388026586468	121.22999244413836	251;252;253;254;255;321;323;324;325;
K	231	LYS	0.02122704195393693	-0.27859860966304906	B	348	True	1.0	0.6424243491221447	190.1825976473357	251;252;253;254;255;
